     t     ,     X     ,     Y     , attitude  , velocity  , steering  ,input_accel,input_steer
   0.000000,  -0.100000,-100.000000,   1.570796,   0.000000,   0.000000,  -0.000000
  -0.000000,   0.010000,  -0.100000,-100.000000,   1.570796,   0.000000,   0.000000,  24.935055
  -0.000025,   0.020000,  -0.100000, -99.999500,   1.570796,   0.100000,  -0.000000,  74.672731
  -0.000050,   0.030000,  -0.100000, -99.998000,   1.570796,   0.200000,  -0.000001, 149.055059
  -0.000074,   0.040000,  -0.100000, -99.995500,   1.570796,   0.300000,  -0.000001, 247.902974
  -0.000099,   0.050000,  -0.100000, -99.992000,   1.570796,   0.400000,  -0.000002, 371.015893
  -0.000124,   0.060000,  -0.100000, -99.987500,   1.570796,   0.500000,  -0.000004, 518.172197
  -0.000149,   0.070000,  -0.100000, -99.982000,   1.570796,   0.600000,  -0.000005, 689.129728
  -0.000175,   0.080000,  -0.100000, -99.975500,   1.570796,   0.700000,  -0.000007, 883.626310
  -0.000200,   0.090000,  -0.100000, -99.968000,   1.570796,   0.800000,  -0.000009,1101.380278
  -0.000226,   0.100000,  -0.100000, -99.959500,   1.570796,   0.900000,  -0.000011,1342.091037
  -0.000253,   0.110000,  -0.100000, -99.950000,   1.570796,   1.000000,  -0.000014,1605.439628
  -0.000279,   0.120000,  -0.100000, -99.939500,   1.570796,   1.100000,  -0.000017,1891.089307
  -0.000307,   0.130000,  -0.100000, -99.928000,   1.570796,   1.200000,  -0.000020,2198.686147
  -0.000334,   0.140000,  -0.100000, -99.915500,   1.570796,   1.300000,  -0.000023,2527.859640
  -0.000363,   0.150000,  -0.100000, -99.902000,   1.570796,   1.400000,  -0.000027,2878.223320
  -0.000392,   0.160000,  -0.100000, -99.887500,   1.570795,   1.500000,  -0.000031,3249.375390
  -0.000421,   0.170000,  -0.100000, -99.872000,   1.570795,   1.600000,  -0.000035,3640.899362
  -0.000451,   0.180000,  -0.100000, -99.855500,   1.570795,   1.700000,  -0.000039,4052.364698
  -0.000482,   0.190000,  -0.100000, -99.838000,   1.570795,   1.800000,  -0.000044,4483.327465
  -0.000514,   0.200000,  -0.100000, -99.819500,   1.570794,   1.900000,  -0.000049,4933.330993
  -0.000547,   0.210000,  -0.100000, -99.800000,   1.570794,   2.000000,  -0.000055,5401.906534
  -0.000580,   0.220000,  -0.100000, -99.779500,   1.570793,   2.100000,  -0.000060,5888.573929
  -0.000614,   0.230000,  -0.100000, -99.758000,   1.570792,   2.200000,  -0.000067,6392.842274
  -0.000650,   0.240000,  -0.100000, -99.735500,   1.570792,   2.300000,  -0.000073,6914.210587
  -0.000686,   0.250000,  -0.099999, -99.712000,   1.570791,   2.400000,  -0.000080,7452.168479
  -0.000723,   0.260000,  -0.099999, -99.687500,   1.570790,   2.500000,  -0.000087,8006.196822
  -0.000761,   0.270000,  -0.099999, -99.662000,   1.570788,   2.600000,  -0.000095,8575.768410
  -0.000800,   0.280000,  -0.099999, -99.635500,   1.570787,   2.700000,  -0.000103,9160.348629
  -0.000840,   0.290000,  -0.099999, -99.608000,   1.570786,   2.800000,  -0.000111,9759.396110
  -0.000882,   0.300000,  -0.099998, -99.579500,   1.570784,   2.900000,  -0.000120,10372.363389
  -0.000924,   0.310000,  -0.099998, -99.550000,   1.570782,   3.000000,  -0.000129,10998.697552
  -0.000968,   0.320000,  -0.099997, -99.519500,   1.570780,   3.100000,  -0.000139,11637.840883
  -0.001013,   0.330000,  -0.099997, -99.488000,   1.570778,   3.200000,  -0.000149,12289.231498
  -0.001059,   0.340000,  -0.099996, -99.455500,   1.570775,   3.300000,  -0.000160,12952.303973
  -0.001106,   0.350000,  -0.099996, -99.422000,   1.570773,   3.400000,  -0.000171,13626.489966
  -0.001155,   0.360000,  -0.099995, -99.387500,   1.570770,   3.500000,  -0.000182,14311.218826
  -0.001205,   0.370000,  -0.099994, -99.352000,   1.570766,   3.600000,  -0.000194,15005.918197
  -0.001256,   0.380000,  -0.099992, -99.315500,   1.570763,   3.700000,  -0.000207,15710.014605
  -0.001309,   0.390000,  -0.099991, -99.278000,   1.570759,   3.800000,  -0.000220,16422.934039
  -0.001363,   0.400000,  -0.099990, -99.239500,   1.570754,   3.900000,  -0.000234,17144.102523
  -0.001418,   0.410000,  -0.099988, -99.200000,   1.570749,   4.000000,  -0.000248,17872.946664
  -0.001475,   0.420000,  -0.099986, -99.159500,   1.570744,   4.100000,  -0.000263,18608.894201
  -0.001534,   0.430000,  -0.099984, -99.118000,   1.570739,   4.200000,  -0.000278,19351.374533
  -0.001594,   0.440000,  -0.099981, -99.075500,   1.570733,   4.300000,  -0.000294,20099.819237
  -0.001656,   0.450000,  -0.099978, -99.032000,   1.570726,   4.400000,  -0.000310,20853.662566
  -0.001719,   0.460000,  -0.099975, -98.987500,   1.570719,   4.500000,  -0.000328,21612.341943
  -0.001785,   0.470000,  -0.099971, -98.942000,   1.570711,   4.600000,  -0.000345,22375.298430
  -0.001852,   0.480000,  -0.099967, -98.895500,   1.570703,   4.700000,  -0.000364,23141.977189
  -0.001921,   0.490000,  -0.099962, -98.848000,   1.570694,   4.800000,  -0.000383,23911.827925
  -0.001992,   0.500000,  -0.099957, -98.799500,   1.570685,   4.900000,  -0.000403,24684.305311
  -0.002065,   0.510000,  -0.099951, -98.750000,   1.570674,   5.000000,  -0.000424,25458.869405
  -0.002141,   0.520000,  -0.099945, -98.699500,   1.570663,   5.100000,  -0.000445,26234.986044
  -0.002220,   0.530000,  -0.099938, -98.648000,   1.570652,   5.200000,  -0.000467,27012.127224
  -0.002301,   0.540000,  -0.099930, -98.595500,   1.570639,   5.300000,  -0.000490,27789.771465
  -0.002386,   0.550000,  -0.099921, -98.542000,   1.570626,   5.400000,  -0.000514,28567.404161
  -0.002474,   0.560000,  -0.099911, -98.487500,   1.570611,   5.500000,  -0.000539,29344.517910
  -0.002566,   0.570000,  -0.099901, -98.432000,   1.570596,   5.600000,  -0.000565,30120.612831
  -0.002664,   0.580000,  -0.099889, -98.375500,   1.570580,   5.700000,  -0.000591,30895.196864
  -0.002767,   0.590000,  -0.099876, -98.318000,   1.570562,   5.800000,  -0.000619,31667.786053
  -0.002877,   0.600000,  -0.099862, -98.259500,   1.570544,   5.900000,  -0.000648,32437.904815
  -0.002996,   0.610000,  -0.099846, -98.200000,   1.570524,   6.000000,  -0.000678,33205.086190
  -0.003126,   0.620000,  -0.099829, -98.139500,   1.570503,   6.100000,  -0.000709,33968.872079
  -0.003270,   0.630000,  -0.099810, -98.078000,   1.570481,   6.200000,  -0.000742,34728.813460
  -0.003431,   0.640000,  -0.099790, -98.015500,   1.570457,   6.300000,  -0.000776,35484.470598
  -0.003615,   0.650000,  -0.099767, -97.952000,   1.570432,   6.400000,  -0.000812,36235.413229
  -0.003829,   0.660000,  -0.099743, -97.887500,   1.570405,   6.500000,  -0.000850,36981.220736
  -0.004084,   0.670000,  -0.099717, -97.822000,   1.570376,   6.600000,  -0.000891,37721.482310
  -0.004395,   0.680000,  -0.099688, -97.755500,   1.570346,   6.700000,  -0.000935,38455.797089
  -0.004784,   0.690000,  -0.099656, -97.688000,   1.570314,   6.800000,  -0.000983,39183.774294
  -0.005283,   0.700000,  -0.099622, -97.619500,   1.570279,   6.900000,  -0.001036,39905.033343
  -0.005945,   0.710000,  -0.099585, -97.550000,   1.570242,   7.000000,  -0.001095,40619.203955
  -0.006850,   0.720000,  -0.099544, -97.479500,   1.570202,   7.100000,  -0.001164,41325.926243
  -0.008139,   0.730000,  -0.099500, -97.408000,   1.570159,   7.200000,  -0.001245,42024.850799
  -0.010060,   0.740000,  -0.099452, -97.335500,   1.570112,   7.300000,  -0.001346,42715.638773
  -0.013091,   0.750000,  -0.099400, -97.262000,   1.570060,   7.400000,  -0.001477,43397.961958
  -0.018230,   0.760000,  -0.099343, -97.187500,   1.570002,   7.500000,  -0.001659,44071.502912
  -0.027823,   0.770000,  -0.099281, -97.112000,   1.569934,   7.600000,  -0.001937,44735.955198
  -0.048297,   0.780000,  -0.099212, -97.035500,   1.569851,   7.700000,  -0.002420,45391.024018
  -0.101642,   0.790000,  -0.099134, -96.958000,   1.569740,   7.800000,  -0.003293,46036.427546
  -0.285801,   0.800000,  -0.099046, -96.879500,   1.569594,   7.900000,  -0.004166,46671.893830
  -1.079416,   0.810000,  -0.098943, -96.800000,   1.569411,   8.000000,  -0.005038,47297.162860
  -5.500218,   0.820000,  -0.098823, -96.719500,   1.569190,   8.100000,  -0.005911,47911.986848
 -37.960045,   0.830000,  -0.098682, -96.638001,   1.568932,   8.200000,  -0.006783,48516.130527
-355.924955,   0.840000,  -0.098516, -96.555501,   1.568634,   8.300000,  -0.007656,49