         0
    0.0500

     0
     0

     0

     0

    0.5000
         0

     0

   300

     6

    0.0000
    0.0500

   1.0e-05 *

    0.2477
    0.2722

   2.6703e-06

   5.4439e-05

    0.5000
         0

    0.1000

   300

     3

    0.0000
    0.0500

   1.0e-05 *

    0.4924
    0.5168

   1.0316e-05

   1.0336e-04

    0.5000
         0

    0.2000

   300

     3

    0.0000
    0.0500

   1.0e-05 *

    0.7370
    0.7614

   2.2854e-05

   1.5229e-04

    0.5000
         0

    0.3000

   300

     3

    0.0000
    0.0500

   1.0e-04 *

    0.0982
    0.1006

   4.0284e-05

   2.0122e-04

    0.5000
         0

    0.4000

   300

     3

    0.0000
    0.0500

   1.0e-04 *

    0.1226
    0.1251

   6.2608e-05

   2.5015e-04

    0.5000
         0

    0.5000

   300

     3

    0.0000
    0.0500

   1.0e-04 *

    0.1471
    0.1495

   8.9824e-05

   2.9908e-04

    0.5000
         0

    0.6000

   300

     3

    0.0000
    0.0500

   1.0e-04 *

    0.1716
    0.1740

   1.2193e-04

   3.4802e-04

    0.5000
         0

    0.7000

   300

     3

    0.0000
    0.0500

   1.0e-04 *

    0.1961
    0.1985

   1.5894e-04

   3.9697e-04

    0.5000
         0

    0.8000

   300

     3

    0.0000
    0.0500

   1.0e-04 *

    0.2206
    0.2229

   2.0084e-04

   4.4592e-04

    0.5000
         0

    0.9000

   300

     3

    0.0000
    0.0500

   1.0e-04 *

    0.2450
    0.2474

   2.4763e-04

   4.9488e-04

    0.5000
         0

    1.0000

   300

     3

    0.0000
    0.0500

   1.0e-04 *

    0.2696
    0.2718

   2.9932e-04

   5.4384e-04

    0.5000
         0

    1.1000

   300

     3

    0.0000
    0.0500

   1.0e-04 *

    0.2941
    0.2963

   3.5591e-04

   5.9282e-04

    0.5000
         0

    1.2000

   300

     3

    0.0000
    0.0500

   1.0e-04 *

    0.3186
    0.3208

   4.1740e-04

   6.4180e-04

    0.5000
         0

    1.3000

   300

     3

    0.0000
    0.0500

   1.0e-04 *

    0.3431
    0.3452

   4.8378e-04

   6.9080e-04

    0.5000
         0

    1.4000

   300

     3

    0.0000
    0.0500

   1.0e-04 *

    0.3677
    0.3697

   5.5507e-04

   7.3980e-04

    0.5000
         0

    1.5000

   300

     3

    0.0000
    0.0500

   1.0e-04 *

    0.3922
    0.3942

   6.3125e-04

   7.8882e-04

    0.5000
         0

    1.6000

   300

     3

    0.0000
    0.0500

   1.0e-04 *

    0.4168
    0.4186

   7.1234e-04

   8.3785e-04

    0.5000
         0

    1.7000

   300

     3

    0.0000
    0.0500

   1.0e-04 *

    0.4413
    0.4431

   7.9833e-04

   8.8689e-04

    0.5000
         0

    1.8000

   300

     3

    0.0000
    0.0500

   1.0e-04 *

    0.4659
    0.4676

   8.8923e-04

   9.3594e-04

    0.5000
         0

    1.9000

   300

     3

    0.0000
    0.0500

   1.0e-04 *

    0.4905
    0.4920

   9.8503e-04

   9.8502e-04

    0.5000
         0

    2.0000

   300

     3

    0.0001
    0.0501

   1.0e-04 *

    0.5151
    0.5165

    0.0011

    0.0010

    0.5000
         0

    2.1000

   300

     3

    0.0001
    0.0501

   1.0e-04 *

    0.5398
    0.5410

    0.0012

    0.0011

    0.5000
         0

    2.2000

   300

     3

    0.0001
    0.0501

   1.0e-04 *

    0.5644
    0.5654

    0.0013

    0.0011

    0.5000
         0

    2.3000

   300

     3

    0.0001
    0.0501

   1.0e-04 *

    0.5891
    0.5899

    0.0014

    0.0012

    0.5000
         0

    2.4000

   300

     3

    0.0001
    0.0501

   1.0e-04 *

    0.6138
    0.6144

    0.0015

    0.0012

    0.5000
         0

    2.5000

   300

     3

    0.0001
    0.0501

   1.0e-04 *

    0.6385
    0.6388

    0.0017

    0.0013

    0.5000
         0

    2.6000

   300

     3

    0.0001
    0.0501

   1.0e-04 *

    0.6632
    0.6633

    0.0018

    0.0013

    0.5000
         0

    2.7000

   300

     3

    0.0001
    0.0501

   1.0e-04 *

    0.6880
    0.6878

    0.0019

    0.0014

    0.5000
         0

    2.8000

   300

     3

    0.0001
    0.0501

   1.0e-04 *

    0.7127
    0.7123

    0.0021

    0.0014

    0.5000
         0

    2.9000

   300

     3

    0.0001
    0.0501

   1.0e-04 *

    0.7375
    0.7367

    0.0022

    0.0015

    0.5000
         0

    3.0000

   300

     3

    0.0001
    0.0501

   1.0e-04 *

    0.7623
    0.7612

    0.0024

    0.0015

    0.5000
         0

    3.1000

   300

     3

    0.0001
    0.0501

   1.0e-04 *

    0.7872
    0.7857

    0.0025

    0.0016

    0.5000
         0

    3.2000

   300

     3

    0.0001
    0.0501

   1.0e-04 *

    0.8120
    0.8102

    0.0027

    0.0016

    0.5000
         0

    3.3000

   300

     3

    0.0001
    0.0501

   1.0e-04 *

    0.8369
    0.8346

    0.0028

    0.0017

    0.5000
         0

    3.4000

   300

     3

    0.0001
    0.0502

   1.0e-04 *

    0.8618
    0.8591

    0.0030

    0.0017

    0.5000
         0

    3.5000

   300

     3

    0.0002
    0.0502

   1.0e-04 *

    0.8867
    0.8836

    0.0032

    0.0018

    0.5000
         0

    3.6000

   300

     3

    0.0002
    0.0502

   1.0e-04 *

    0.9117
    0.9081

    0.0034

    0.0018

    0.5000
         0

    3.7000

   300

     3

    0.0002
    0.0502

   1.0e-04 *

    0.9367
    0.9325

    0.0036

    0.0019

    0.5000
         0

    3.8000

   300

     3

    0.0002
    0.0502

   1.0e-04 *

    0.9617
    0.9570

    0.0037

    0.0019

    0.5000
         0

    3.9000

   300

     3

    0.0002
    0.0502

   1.0e-04 *

    0.9867
    0.9815

    0.0039

    0.0020

    0.5000
         0

    4.0000

   300

     3

    0.0002
    0.0502

   1.0e-03 *

    0.1012
    0.1006

    0.0041

    0.0020

    0.5000
         0

    4.1000

   300

     3

    0.0002
    0.0502

   1.0e-03 *

    0.1037
    0.1030

    0.0043

    0.0021

    0.5000
         0

    4.2000

   300

     3

    0.0002
    0.0502

   1.0e-03 *

    0.1062
    0.1055

    0.0045

    0.0021

    0.5000
         0

    4.3000

   300

     3

    0.0002
    0.0502

   1.0e-03 *

    0.1087
    0.1079

    0.0048

    0.0022

    0.5000
         0

    4.4000

   300

     3

    0.0002
    0.0502

   1.0e-03 *

    0.1112
    0.1104

    0.0050

    0.0022

    0.5000
         0

    4.5000

   300

     3

    0.0003
    0.0503

   1.0e-03 *

    0.1138
    0.1128

    0.0052

    0.0023

    0.5000
         0

    4.6000

   300

     3

    0.0003
    0.0503

   1.0e-03 *

    0.1163
    0.1153

    0.0054

    0.0023

    0.5000
         0

    4.7000

   300

     3

    0.0003
    0.0503

   1.0e-03 *

    0.1188
    0.1177

    0.0057

    0.0024

    0.5000
         0

    4.8000

   300

     3

    0.0003
    0.0503

   1.0e-03 *

    0.1214
    0.1202

    0.0059

    0.0024

    0.5000
         0

    4.9000

   300

     3

    0.0003
    0.0503

   1.0e-03 *

    0.1239
    0.1226

    0.0062

    0.0025

    0.5000
         0

    5.0000

   300

     3

    0.0003
    0.0503

   1.0e-03 *

    0.1264
    0.1251

    0.0064

    0.0025

    0.5000
         0

    5.1000

   300

     3

    0.0003
    0.0503

   1.0e-03 *

    0.1290
    0.1275

    0.0067

    0.0026

    0.5000
         0

    5.2000

   300

     3

    0.0003
    0.0503

   1.0e-03 *

    0.1315
    0.1300

    0.0069

    0.0026

    0.5000
         0

    5.3000

   300

     3

    0.0004
    0.0504

   1.0e-03 *

    0.1341
    0.1324

    0.0072

    0.0027

    0.5000
         0

    5.4000

   300

     3

    0.0004
    0.0504

   1.0e-03 *

    0.1367
    0.1349

    0.0074

    0.0027

    0.5000
         0

    5.5000

   300

     3

    0.0004
    0.0504

   1.0e-03 *

    0.1392
    0.1373

    0.0077

    0.0028

    0.5000
         0

    5.6000

   300

     3

    0.0004
    0.0504

   1.0e-03 *

    0.1418
    0.1398

    0.0080

    0.0028

    0.5000
         0

    5.7000

   300

     3

    0.0004
    0.0504

   1.0e-03 *

    0.1444
    0.1422

    0.0083

    0.0029

    0.5000
         0

    5.8000

   300

     3

    0.0004
    0.0504

   1.0e-03 *

    0.1469
    0.1447

    0.0086

    0.0029

    0.5000
         0

    5.9000

   300

     3

    0.0004
    0.0504

   1.0e-03 *

    0.1495
    0.1471

    0.0089

    0.0030

    0.5000
         0

    6.0000

   300

     3

    0.0005
    0.0505

   1.0e-03 *

    0.1521
    0.1496

    0.0092

    0.0030

    0.5000
         0

    6.1000

   300

     3

    0.0005
    0.0505

   1.0e-03 *

    0.1547
    0.1520

    0.0095

    0.0031

    0.5000
         0

    6.2000

   300

     3

    0.0005
    0.0505

   1.0e-03 *

    0.1573
    0.1545

    0.0098

    0.0031

    0.5000
         0

    6.3000

   300

     3

    0.0005
    0.0505

   1.0e-03 *

    0.1599
    0.1569

    0.0101

    0.0032

    0.5000
         0

    6.4000

   300

     3

    0.0005
    0.0505

   1.0e-03 *

    0.1625
    0.1594

    0.0104

    0.0032

    0.5000
         0

    6.5000

   300

     3

    0.0005
    0.0505

   1.0e-03 *

    0.1651
    0.1619

    0.0107

    0.0033

    0.5000
         0

    6.6000

   300

     3

    0.0006
    0.0506

   1.0e-03 *

    0.1677
    0.1643

    0.0111

    0.0033

    0.5000
         0

    6.7000

   300

     3

    0.0006
    0.0506

   1.0e-03 *

    0.1703
    0.1668

    0.0114

    0.0034

    0.5000
         0

    6.8000

   300

     3

    0.0006
    0.0506

   1.0e-03 *

    0.1730
    0.1692

    0.0117

    0.0034

    0.5000
         0

    6.9000

   300

     3

    0.0006
    0.0506

   1.0e-03 *

    0.1756
    0.1717

    0.0121

    0.0035

    0.5000
         0

    7.0000

   300

     3

    0.0006
    0.0506

   1.0e-03 *

    0.1782
    0.1741

    0.0124

    0.0035

    0.5000
         0

    7.1000

   300

     3

    0.0006
    0.0506

   1.0e-03 *

    0.1809
    0.1766

    0.0128

    0.0036

    0.5000
         0

    7.2000

   300

     3

    0.0007
    0.0507

   1.0e-03 *

    0.1835
    0.1790

    0.0132

    0.0036

    0.5000
         0

    7.3000

   300

     3

    0.0007
    0.0507

   1.0e-03 *

    0.1862
    0.1815

    0.0135

    0.0037

    0.5000
         0

    7.4000

   300

     3

    0.0007
    0.0507

   1.0e-03 *

    0.1888
    0.1839

    0.0139

    0.0037

    0.5000
         0

    7.5000

   300

     3

    0.0007
    0.0507

   1.0e-03 *

    0.1915
    0.1864

    0.0143

    0.0038

    0.5000
         0

    7.6000

   300

     3

    0.0007
    0.0507

   1.0e-03 *

    0.1942
    0.1888

    0.0146

    0.0038

    0.5000
         0

    7.7000

   300

     3

    0.0008
    0.0507

   1.0e-03 *

    0.1969
    0.1913

    0.0150

    0.0039

    0.5000
         0

    7.8000

   300

     3

    0.0008
    0.0508

   1.0e-03 *

    0.1995
    0.1937

    0.0154

    0.0039

    0.5000
         0

    7.9000

   300

     3

    0.0008
    0.0508

   1.0e-03 *

    0.2022
    0.1962

    0.0158

    0.0040

    0.5000
         0

    8.0000

   300

     3

    0.0008
    0.0508

   1.0e-03 *

    0.2049
    0.1986

    0.0162

    0.0040

    0.5000
         0

    8.1000

   300

     3

    0.0008
    0.0508

   1.0e-03 *

    0.2076
    0.2011

    0.0166

    0.0041

    0.5000
         0

    8.2000

   300

     3

    0.0009
    0.0508

   1.0e-03 *

    0.2103
    0.2036

    0.0170

    0.0041

    0.5000
         0

    8.3000

   300

     3

    0.0009
    0.0509

   1.0e-03 *

    0.2131
    0.2060

    0.0174

    0.0042

    0.5000
         0

    8.4000

   300

     3

    0.0009
    0.0509

   1.0e-03 *

    0.2158
    0.2085

    0.0179

    0.0042

    0.5000
         0

    8.5000

   300

     3

    0.0009
    0.0509

   1.0e-03 *

    0.2185
    0.2109

    0.0183

    0.0043

    0.5000
         0

    8.6000

   300

     3

    0.0009
    0.0509

   1.0e-03 *

    0.2212
    0.2134

    0.0187

    0.0043

    0.5000
         0

    8.7000

   300

     3

    0.0010
    0.0509

   1.0e-03 *

    0.2240
    0.2158

    0.0192

    0.0044

    0.5000
         0

    8.8000

   300

     3

    0.0010
    0.0510

   1.0e-03 *

    0.2267
    0.2183

    0.0196

    0.0045

    0.5000
         0

    8.9000

   300

     3

    0.0010
    0.0510

   1.0e-03 *

    0.2295
    0.2207

    0.0201

    0.0045

    0.5000
         0

    9.0000

   300

     3

    0.0010
    0.0510

   1.0e-03 *

    0.2323
    0.2232

    0.0205

    0.0046

    0.5000
         0

    9.1000

   300

     3

    0.0011
    0.0510

   1.0e-03 *

    0.2350
    0.2257

    0.0210

    0.0046

    0.5000
         0

    9.2000

   300

     3

    0.0011
    0.0511

   1.0e-03 *

    0.2378
    0.2281

    0.0214

    0.0047

    0.5000
         0

    9.3000

   300

     3

    0.0011
    0.0511

   1.0e-03 *

    0.2406
    0.2306

    0.0219

    0.0047

    0.5000
         0

    9.4000

   300

     3

    0.0011
    0.0511

   1.0e-03 *

    0.2434
    0.2330

    0.0224

    0.0048

    0.5000
         0

    9.5000

   300

     3

    0.0012
    0.0511

   1.0e-03 *

    0.2462
    0.2355

    0.0229

    0.0048

    0.5000
         0

    9.6000

   300

     3

    0.0012
    0.0512

   1.0e-03 *

    0.2490
    0.2379

    0.0233

    0.0049

    0.5000
         0

    9.7000

   300

     3

    0.0012
    0.0512

   1.0e-03 *

    0.2519
    0.2404

    0.0238

    0.0049

    0.5000
         0

    9.8000

   300

     3

    0.0012
    0.0512

   1.0e-03 *

    0.2547
    0.2429

    0.0243

    0.0050

    0.5000
         0

    9.9000

   300

     3

    0.0013
    0.0512

   1.0e-03 *

    0.2575
    0.2453

    0.0248

    0.0050

    0.5000
         0

   10.0000

   300

     3

    0.0013
    0.0513

   1.0e-03 *

    0.2604
    0.2478

    0.0253

    0.0051

    0.5000
         0

   10.1000

   300

     3

    0.0013
    0.0513

   1.0e-03 *

    0.2632
    0.2502

    0.0258

    0.0051

    0.5000
         0

   10.2000

   300

     3

    0.0013
    0.0513

   1.0e-03 *

    0.2661
    0.2527

    0.0264

    0.0052

    0.5000
         0

   10.3000

   300

     3

    0.0014
    0.0513

   1.0e-03 *

    0.2690
    0.2552

    0.0269

    0.0052

    0.5000
         0

   10.4000

   300

     3

    0.0014
    0.0514

   1.0e-03 *

    0.2718
    0.2576

    0.0274

    0.0053

    0.5000
         0

   10.5000

   300

     3

    0.0014
    0.0514

   1.0e-03 *

    0.2747
    0.2601

    0.0279

    0.0054

    0.5000
         0

   10.6000

   300

     3

    0.0014
    0.0514

   1.0e-03 *

    0.2776
    0.2625

    0.0285

    0.0054

    0.5000
         0

   10.7000

   300

     3

    0.0015
    0.0514

   1.0e-03 *

    0.2805
    0.2650

    0.0290

    0.0055

    0.5000
         0

   10.8000

   300

     3

    0.0015
    0.0515

   1.0e-03 *

    0.2835
    0.2675

    0.0296

    0.0055

    0.5000
         0

   10.9000

   300

     3

    0.0015
    0.0515

   1.0e-03 *

    0.2864
    0.2699

    0.0301

    0.0056

    0.5000
         0

   11.0000

   300

     3

    0.0016
    0.0515

   1.0e-03 *

    0.2893
    0.2724

    0.0307

    0.0056

    0.5000
         0

   11.1000

   300

     3

    0.0016
    0.0515

   1.0e-03 *

    0.2923
    0.2748

    0.0312

    0.0057

    0.5000
         0

   11.2000

   300

     3

    0.0016
    0.0516

   1.0e-03 *

    0.2952
    0.2773

    0.0318

    0.0057

    0.5000
         0

   11.3000

   300

     3

    0.0016
    0.0516

   1.0e-03 *

    0.2982
    0.2798

    0.0324

    0.0058

    0.5000
         0

   11.4000

   300

     3

    0.0017
    0.0516

   1.0e-03 *

    0.3012
    0.2822

    0.0330

    0.0058

    0.5000
         0

   11.5000

   300

     3

    0.0017
    0.0516

   1.0e-03 *

    0.3042
    0.2847

    0.0336

    0.0059

    0.5000
         0

   11.6000

   300

     3

    0.0017
    0.0517

   1.0e-03 *

    0.3072
    0.2872

    0.0342

    0.0059

    0.5000
         0

   11.7000

   300

     3

    0.0018
    0.0517

   1.0e-03 *

    0.3102
    0.2896

    0.0347

    0.0060

    0.5000
         0

   11.8000

   300

     3

    0.0018
    0.0517

   1.0e-03 *

    0.3132
    0.2921

    0.0354

    0.0061

    0.5000
         0

   11.9000

   300

     3

    0.0018
    0.0518

   1.0e-03 *

    0.3162
    0.2945

    0.0360

    0.0061

    0.5000
         0

   12.0000

   300

     3

    0.0019
    0.0518

   1.0e-03 *

    0.3192
    0.2970

    0.0366

    0.0062

    0.5000
         0

   12.1000

   300

     3

    0.0019
    0.0518

   1.0e-03 *

    0.3223
    0.2995

    0.0372

    0.0062

    0.5000
         0

   12.2000

   300

     3

    0.0019
    0.0519

   1.0e-03 *

    0.3254
    0.3019

    0.0378

    0.0063

    0.5000
         0

   12.3000

   300

     3

    0.0020
    0.0519

   1.0e-03 *

    0.3284
    0.3044

    0.0384

    0.0063

    0.5000
         0

   12.4000

   300

     3

    0.0020
    0.0519

   1.0e-03 *

    0.3315
    0.3069

    0.0391

    0.0064

    0.5000
         0

   12.5000

   300

     3

    0.0020
    0.0519

   1.0e-03 *

    0.3346
    0.3093

    0.0397

    0.0064

    0.5000
         0

   12.6000

   300

     3

    0.0021
    0.0520

   1.0e-03 *

    0.3377
    0.3118

    0.0404

    0.0065

    0.5000
         0

   12.7000

   300

     3

    0.0021
    0.0520

   1.0e-03 *

    0.3408
    0.3142

    0.0410

    0.0066

    0.5000
         0

   12.8000

   300

     3

    0.0021
    0.0520

   1.0e-03 *

    0.3440
    0.3167

    0.0417

    0.0066

    0.5000
         0

   12.9000

   300

     3

    0.0022
    0.0521

   1.0e-03 *

    0.3471
    0.3192

    0.0423

    0.0067

    0.5000
         0

   13.0000

   300

     3

    0.0022
    0.0521

   1.0e-03 *

    0.3502
    0.3216

    0.0430

    0.0067

    0.5000
         0

   13.1000

   300

     3

    0.0022
    0.0521

   1.0e-03 *

    0.3534
    0.3241

    0.0437

    0.0068

    0.5000
         0

   13.2000

   300

     3

    0.0023
    0.0522

   1.0e-03 *

    0.3566
    0.3266

    0.0444

    0.0068

    0.5000
         0

   13.3000

   300

     3

    0.0023
    0.0522

   1.0e-03 *

    0.3598
    0.3290

    0.0451

    0.0069

    0.5000
         0

   13.4000

   300

     3

    0.0023
    0.0522

   1.0e-03 *

    0.3630
    0.3315

    0.0458

    0.0070

    0.5000
         0

   13.5000

   300

     3

    0.0024
    0.0523

   1.0e-03 *

    0.3662
    0.3340

    0.0465

    0.0070

    0.5000
         0

   13.6000

   300

     3

    0.0024
    0.0523

   1.0e-03 *

    0.3694
    0.3364

    0.0472

    0.0071

    0.5000
         0

   13.7000

   300

     3

    0.0024
    0.0523

   1.0e-03 *

    0.3727
    0.3389

    0.0479

    0.0071

    0.5000
         0

   13.8000

   300

     3

    0.0025
    0.0524

   1.0e-03 *

    0.3759
    0.3414

    0.0486

    0.0072

    0.5000
         0

   13.9000

   300

     3

    0.0025
    0.0524

   1.0e-03 *

    0.3792
    0.3438

    0.0493

    0.0072

    0.5000
         0

   14.0000

   300

     3

    0.0026
    0.0524

   1.0e-03 *

    0.3825
    0.3463

    0.0500

    0.0073

    0.5000
         0

   14.1000

   300

     3

    0.0026
    0.0525

   1.0e-03 *

    0.3858
    0.3488

    0.0508

    0.0074

    0.5000
         0

   14.2000

   300

     3

    0.0026
    0.0525

   1.0e-03 *

    0.3891
    0.3512

    0.0515

    0.0074

    0.5000
         0

   14.3000

   300

     3

    0.0027
    0.0525

   1.0e-03 *

    0.3924
    0.3537

    0.0522

    0.0075

    0.5000
         0

   14.4000

   300

     3

    0.0027
    0.0526

   1.0e-03 *

    0.3957
    0.3562

    0.0530

    0.0075

    0.5000
         0

   14.5000

   300

     3

    0.0028
    0.0526

   1.0e-03 *

    0.3991
    0.3586

    0.0537

    0.0076

    0.5000
         0

   14.6000

   300

     3

    0.0028
    0.0527

   1.0e-03 *

    0.4024
    0.3611

    0.0545

    0.0076

    0.5000
         0

   14.7000

   300

     3

    0.0028
    0.0527

   1.0e-03 *

    0.4058
    0.3636

    0.0553

    0.0077

    0.5000
         0

   14.8000

   300

     3

    0.0029
    0.0527

   1.0e-03 *

    0.4092
    0.3660

    0.0561

    0.0078

    0.5000
         0

   14.9000

   300

     3

    0.0029
    0.0528

   1.0e-03 *

    0.4126
    0.3685

    0.0568

    0.0078

    0.5000
         0

   15.0000

   300

     3

    0.0030
    0.0528

   1.0e-03 *

    0.4160
    0.3710

    0.0576

    0.0079

    0.5000
         0

   15.1000

   300

     3

    0.0030
    0.0528

   1.0e-03 *

    0.4195
    0.3734

    0.0584

    0.0079

    0.5000
         0

   15.2000

   300

     3

    0.0030
    0.0529

   1.0e-03 *

    0.4229
    0.3759

    0.0592

    0.0080

    0.5000
         0

   15.3000

   300

     3

    0.0031
    0.0529

   1.0e-03 *

    0.4264
    0.3784

    0.0600

    0.0081

    0.5000
         0

   15.4000

   300

     3

    0.0031
    0.0529

   1.0e-03 *

    0.4299
    0.3808

    0.0608

    0.0081

    0.5000
         0

   15.5000

   300

     3

    0.0032
    0.0530

   1.0e-03 *

    0.4334
    0.3833

    0.0616

    0.0082

    0.5000
         0

   15.6000

   300

     3

    0.0032
    0.0530

   1.0e-03 *

    0.4369
    0.3858

    0.0625

    0.0082

    0.5000
         0

   15.7000

   300

     3

    0.0033
    0.0531

   1.0e-03 *

    0.4404
    0.3883

    0.0633

    0.0083

    0.5000
         0

   15.8000

   300

     3

    0.0033
    0.0531

   1.0e-03 *

    0.4440
    0.3907

    0.0641

    0.0084

    0.5000
         0

   15.9000

   300

     3

    0.0033
    0.0531

   1.0e-03 *

    0.4475
    0.3932

    0.0650

    0.0084

    0.5000
         0

   16.0000

   300

     3

    0.0034
    0.0532

   1.0e-03 *

    0.4511
    0.3957

    0.0658

    0.0085

    0.5000
         0

   16.1000

   300

     3

    0.0034
    0.0532

   1.0e-03 *

    0.4547
    0.3981

    0.0667

    0.0086

    0.5000
         0

   16.2000

   300

     3

    0.0035
    0.0533

   1.0e-03 *

    0.4583
    0.4006

    0.0675

    0.0086

    0.5000
         0

   16.3000

   300

     3

    0.0035
    0.0533

   1.0e-03 *

    0.4619
    0.4031

    0.0684

    0.0087

    0.5000
         0

   16.4000

   300

     3

    0.0036
    0.0533

   1.0e-03 *

    0.4656
    0.4055

    0.0692

    0.0087

    0.5000
         0

   16.5000

   300

     3

    0.0036
    0.0534

   1.0e-03 *

    0.4693
    0.4080

    0.0701

    0.0088

    0.5000
         0

   16.6000

   300

     3

    0.0037
    0.0534

   1.0e-03 *

    0.4729
    0.4105

    0.0710

    0.0089

    0.5000
         0

   16.7000

   300

     3

    0.0037
    0.0535

   1.0e-03 *

    0.4766
    0.4129

    0.0719

    0.0089

    0.5000
         0

   16.8000

   300

     3

    0.0038
    0.0535

   1.0e-03 *

    0.4804
    0.4154

    0.0728

    0.0090

    0.5000
         0

   16.9000

   300

     3

    0.0038
    0.0535

   1.0e-03 *

    0.4841
    0.4179

    0.0737

    0.0090

    0.5000
         0

   17.0000

   300

     3

    0.0039
    0.0536

   1.0e-03 *

    0.4878
    0.4203

    0.0746

    0.0091

    0.5000
         0

   17.1000

   300

     3

    0.0039
    0.0536

   1.0e-03 *

    0.4916
    0.4228

    0.0755

    0.0092

    0.5000
         0

   17.2000

   300

     3

    0.0040
    0.0537

   1.0e-03 *

    0.4954
    0.4253

    0.0764

    0.0092

    0.5000
         0

   17.3000

   300

     3

    0.0040
    0.0537

   1.0e-03 *

    0.4992
    0.4278

    0.0774

    0.0093

    0.5000
         0

   17.4000

   300

     3

    0.0041
    0.0538

   1.0e-03 *

    0.5031
    0.4302

    0.0783

    0.0094

    0.5000
         0

   17.5000

   300

     3

    0.0041
    0.0538

   1.0e-03 *

    0.5069
    0.4327

    0.0792

    0.0094

    0.5000
         0

   17.6000

   300

     3

    0.0042
    0.0538

   1.0e-03 *

    0.5108
    0.4352

    0.0802

    0.0095

    0.5000
         0

   17.7000

   300

     3

    0.0042
    0.0539

   1.0e-03 *

    0.5147
    0.4376

    0.0811

    0.0096

    0.5000
         0

   17.8000

   300

     3

    0.0043
    0.0539

   1.0e-03 *

    0.5186
    0.4401

    0.0821

    0.0096

    0.5000
         0

   17.9000

   300

     3

    0.0043
    0.0540

   1.0e-03 *

    0.5225
    0.4426

    0.0831

    0.0097

    0.5000
         0

   18.0000

   300

     3

    0.0044
    0.0540

   1.0e-03 *

    0.5265
    0.4450

    0.0840

    0.0098

    0.5000
         0

   18.1000

   300

     3

    0.0044
    0.0541

   1.0e-03 *

    0.5304
    0.4475

    0.0850

    0.0098

    0.5000
         0

   18.2000

   300

     3

    0.0045
    0.0541

   1.0e-03 *

    0.5344
    0.4500

    0.0860

    0.0099

    0.5000
         0

   18.3000

   300

     3

    0.0045
    0.0542

   1.0e-03 *

    0.5384
    0.4524

    0.0870

    0.0100

    0.5000
         0

   18.4000

   300

     3

    0.0046
    0.0542

   1.0e-03 *

    0.5425
    0.4549

    0.0880

    0.0100

    0.5000
         0

   18.5000

   300

     3

    0.0046
    0.0542

   1.0e-03 *

    0.5465
    0.4574

    0.0890

    0.0101

    0.5000
         0

   18.6000

   300

     3

    0.0047
    0.0543

   1.0e-03 *

    0.5506
    0.4598

    0.0900

    0.0101

    0.5000
         0

   18.7000

   300

     3

    0.0047
    0.0543

   1.0e-03 *

    0.5547
    0.4623

    0.0910

    0.0102

    0.5000
         0

   18.8000

   300

     3

    0.0048
    0.0544

   1.0e-03 *

    0.5588
    0.4648

    0.0920

    0.0103

    0.5000
         0

   18.9000

   300

     3

    0.0049
    0.0544

   1.0e-03 *

    0.5630
    0.4672

    0.0931

    0.0104

    0.5000
         0

   19.0000

   300

     3

    0.0049
    0.0545

   1.0e-03 *

    0.5671
    0.4697

    0.0941

    0.0104

    0.5000
         0

   19.1000

   300

     3

    0.0050
    0.0545

   1.0e-03 *

    0.5713
    0.4722

    0.0951

    0.0105

    0.5000
         0

   19.2000

   300

     3

    0.0050
    0.0546

   1.0e-03 *

    0.5755
    0.4746

    0.0962

    0.0106

    0.5000
         0

   19.3000

   300

     3

    0.0051
    0.0546

   1.0e-03 *

    0.5798
    0.4771

    0.0973

    0.0106

    0.5000
         0

   19.4000

   300

     3

    0.0051
    0.0547

   1.0e-03 *

    0.5840
    0.4796

    0.0983

    0.0107

    0.5000
         0

   19.5000

   300

     3

    0.0052
    0.0547

   1.0e-03 *

    0.5883
    0.4820

    0.0994

    0.0108

    0.5000
         0

   19.6000

   300

     3

    0.0053
    0.0548

   1.0e-03 *

    0.5926
    0.4845

    0.1005

    0.0108

    0.5000
         0

   19.7000

   300

     3

    0.0053
    0.0548

   1.0e-03 *

    0.5970
    0.4869

    0.1016

    0.0109

    0.5000
         0

   19.8000

   300

     3

    0.0054
    0.0549

   1.0e-03 *

    0.6013
    0.4894

    0.1027

    0.0110

    0.5000
         0

   19.9000

   300

     3

    0.0054
    0.0549

   1.0e-03 *

    0.6057
    0.4919

    0.1038

    0.0110

    0.5000
         0

   20.0000

   300

     3

    0.0055
    0.0550

   1.0e-03 *

    0.6101
    0.4943

    0.1049

    0.0111

    0.5000
         0

   20.1000

   300

     3

    0.0056
    0.0550

   1.0e-03 *

    0.6146
    0.4968

    0.1060

    0.0112

    0.5000
         0

   20.2000

   300

     3

    0.0056
    0.0551

   1.0e-03 *

    0.6190
    0.4992

    0.1071

    0.0113

    0.5000
         0

   20.3000

   300

     3

    0.0057
    0.0551

   1.0e-03 *

    0.6235
    0.5017

    0.1082

    0.0113

    0.5000
         0

   20.4000

   300

     3

    0.0057
    0.0552

   1.0e-03 *

    0.6280
    0.5042

    0.1094

    0.0114

    0.5000
         0

   20.5000

   300

     3

    0.0058
    0.0552

   1.0e-03 *

    0.6326
    0.5066

    0.1105

    0.0115

    0.5000
         0

   20.6000

   300

     3

    0.0059
    0.0553

   1.0e-03 *

    0.6371
    0.5091

    0.1117

    0.0115

    0.5000
         0

   20.7000

   300

     3

    0.0059
    0.0553

   1.0e-03 *

    0.6417
    0.5115

    0.1128

    0.0116

    0.5000
         0

   20.8000

   300

     3

    0.0060
    0.0554

   1.0e-03 *

    0.6464
    0.5140

    0.1140

    0.0117

    0.5000
         0

   20.9000

   300

     3

    0.0061
    0.0554

   1.0e-03 *

    0.6510
    0.5164

    0.1151

    0.0118

    0.5000
         0

   21.0000

   300

     3

    0.0061
    0.0555

   1.0e-03 *

    0.6557
    0.5189

    0.1163

    0.0118

    0.5000
         0

   21.1000

   300

     3

    0.0062
    0.0555

   1.0e-03 *

    0.6604
    0.5214

    0.1175

    0.0119

    0.5000
         0

   21.2000

   300

     3

    0.0063
    0.0556

   1.0e-03 *

    0.6651
    0.5238

    0.1187

    0.0120

    0.5000
         0

   21.3000

   300

     3

    0.0063
    0.0556

   1.0e-03 *

    0.6699
    0.5263

    0.1199

    0.0121

    0.5000
         0

   21.4000

   300

     3

    0.0064
    0.0557

   1.0e-03 *

    0.6747
    0.5287

    0.1211

    0.0121

    0.5000
         0

   21.5000

   300

     3

    0.0065
    0.0557

   1.0e-03 *

    0.6795
    0.5312

    0.1223

    0.0122

    0.5000
         0

   21.6000

   300

     3

    0.0065
    0.0558

   1.0e-03 *

    0.6844
    0.5336

    0.1236

    0.0123

    0.5000
         0

   21.7000

   300

     3

    0.0066
    0.0558

   1.0e-03 *

    0.6893
    0.5361

    0.1248

    0.0124

    0.5000
         0

   21.8000

   300

     3

    0.0067
    0.0559

   1.0e-03 *

    0.6942
    0.5385

    0.1260

    0.0124

    0.5000
         0

   21.9000

   300

     3

    0.0067
    0.0559

   1.0e-03 *

    0.6991
    0.5409

    0.1273

    0.0125

    0.5000
         0

   22.0000

   300

     3

    0.0068
    0.0560

   1.0e-03 *

    0.7041
    0.5434

    0.1285

    0.0126

    0.5000
         0

   22.1000

   300

     3

    0.0069
    0.0561

   1.0e-03 *

    0.7091
    0.5458

    0.1298

    0.0127

    0.5000
         0

   22.2000

   300

     3

    0.0070
    0.0561

   1.0e-03 *

    0.7142
    0.5483

    0.1311

    0.0127

    0.5000
         0

   22.3000

   300

     3

    0.0070
    0.0562

   1.0e-03 *

    0.7193
    0.5507

    0.1323

    0.0128

    0.5000
         0

   22.4000

   300

     3

    0.0071
    0.0562

   1.0e-03 *

    0.7244
    0.5532

    0.1336

    0.0129

    0.5000
         0

   22.5000

   300

     3

    0.0072
    0.0563

   1.0e-03 *

    0.7295
    0.5556

    0.1349

    0.0130

    0.5000
         0

   22.6000

   300

     3

    0.0072
    0.0563

   1.0e-03 *

    0.7347
    0.5580

    0.1362

    0.0131

    0.5000
         0

   22.7000

   300

     3

    0.0073
    0.0564

   1.0e-03 *

    0.7399
    0.5605

    0.1375

    0.0131

    0.5000
         0

   22.8000

   300

     3

    0.0074
    0.0564

   1.0e-03 *

    0.7452
    0.5629

    0.1388

    0.0132

    0.5000
         0

   22.9000

   300

     3

    0.0075
    0.0565

   1.0e-03 *

    0.7505
    0.5653

    0.1402

    0.0133

    0.5000
         0

   23.0000

   300

     3

    0.0075
    0.0566

   1.0e-03 *

    0.7558
    0.5678

    0.1415

    0.0134

    0.5000
         0

   23.1000

   300

     3

    0.0076
    0.0566

   1.0e-03 *

    0.7611
    0.5702

    0.1428

    0.0135

    0.5000
         0

   23.2000

   300

     3

    0.0077
    0.0567

   1.0e-03 *

    0.7665
    0.5726

    0.1442

    0.0135

    0.5000
         0

   23.3000

   300

     3

    0.0078
    0.0567

   1.0e-03 *

    0.7720
    0.5750

    0.1455

    0.0136

    0.5000
         0

   23.4000

   300

     3

    0.0078
    0.0568

   1.0e-03 *

    0.7774
    0.5775

    0.1469

    0.0137

    0.5000
         0

   23.5000

   300

     3

    0.0079
    0.0568

   1.0e-03 *

    0.7829
    0.5799

    0.1483

    0.0138

    0.5000
         0

   23.6000

   300

     3

    0.0080
    0.0569

   1.0e-03 *

    0.7885
    0.5823

    0.1497

    0.0139

    0.5000
         0

   23.7000

   300

     3

    0.0081
    0.0570

   1.0e-03 *

    0.7941
    0.5847

    0.1511

    0.0140

    0.5000
         0

   23.8000

   300

     3

    0.0082
    0.0570

   1.0e-03 *

    0.7997
    0.5871

    0.1525

    0.0140

    0.5000
         0

   23.9000

   300

     3

    0.0082
    0.0571

   1.0e-03 *

    0.8053
    0.5895

    0.1539

    0.0141

    0.5000
         0

   24.0000

   300

     3

    0.0083
    0.0571

   1.0e-03 *

    0.8110
    0.5920

    0.1553

    0.0142

    0.5000
         0

   24.1000

   300

     3

    0.0084
    0.0572

   1.0e-03 *

    0.8168
    0.5944

    0.1567

    0.0143

    0.5000
         0

   24.2000

   300

     3

    0.0085
    0.0573

   1.0e-03 *

    0.8226
    0.5968

    0.1581

    0.0144

    0.5000
         0

   24.3000

   300

     3

    0.0086
    0.0573

   1.0e-03 *

    0.8284
    0.5992

    0.1596

    0.0145

    0.5000
         0

   24.4000

   300

     3

    0.0087
    0.0574

   1.0e-03 *

    0.8342
    0.6016

    0.1610

    0.0146

    0.5000
         0

   24.5000

   300

     3

    0.0087
    0.0574

   1.0e-03 *

    0.8401
    0.6040

    0.1625

    0.0146

    0.5000
         0

   24.6000

   300

     3

    0.0088
    0.0575

   1.0e-03 *

    0.8461
    0.6064

    0.1640

    0.0147

    0.5000
         0

   24.7000

   300

     3

    0.0089
    0.0576

   1.0e-03 *

    0.8521
    0.6088

    0.1654

    0.0148

    0.5000
         0

   24.8000

   300

     3

    0.0090
    0.0576

   1.0e-03 *

    0.8581
    0.6112

    0.1669

    0.0149

    0.5000
         0

   24.9000

   300

     3

    0.0091
    0.0577

   1.0e-03 *

    0.8642
    0.6135

    0.1684

    0.0150

    0.5000
         0

   25.0000

   300

     3

    0.0092
    0.0577

   1.0e-03 *

    0.8703
    0.6159

    0.1699

    0.0151

    0.5000
         0

   25.1000

   300

     3

    0.0093
    0.0578

   1.0e-03 *

    0.8764
    0.6183

    0.1714

    0.0152

    0.5000
         0

   25.2000

   300

     3

    0.0093
    0.0579

   1.0e-03 *

    0.8825
    0.6207

    0.1730

    0.0153

    0.5000
         0

   25.3000

   300

     3

    0.0094
    0.0579

   1.0e-03 *

    0.8886
    0.6231

    0.1745

    0.0154

    0.5000
         0

   25.4000

   300

     3

    0.0095
    0.0580

   1.0e-03 *

    0.8947
    0.6254

    0.1760

    0.0155

    0.5000
         0

   25.5000

   300

     3

    0.0096
    0.0580

   1.0e-03 *

    0.9007
    0.6278

    0.1776

    0.0155

    0.5000
         0

   25.6000

   300

     3

    0.0097
    0.0581

   1.0e-03 *

    0.9068
    0.6302

    0.1791

    0.0156

    0.5000
         0

   25.7000

   300

     3

    0.0098
    0.0582

   1.0e-03 *

    0.9129
    0.6325

    0.1807

    0.0157

    0.5000
         0

   25.8000

   300

     3

    0.0099
    0.0582

   1.0e-03 *

    0.9190
    0.6349

    0.1823

    0.0158

    0.5000
         0

   25.9000

   300

     3

    0.0100
    0.0583

   1.0e-03 *

    0.9251
    0.6372

    0.1839

    0.0159

    0.5000
         0

   26.0000

   300

     3

    0.0101
    0.0584

   1.0e-03 *

    0.9311
    0.6396

    0.1855

    0.0160

    0.5000
         0

   26.1000

   300

     3

    0.0102
    0.0584

   1.0e-03 *

    0.9372
    0.6419

    0.1871

    0.0161

    0.5000
         0

   26.2000

   300

     3

    0.0103
    0.0585

   1.0e-03 *

    0.9433
    0.6443

    0.1887

    0.0162

    0.5000
         0

   26.3000

   300

     3

    0.0103
    0.0586

   1.0e-03 *

    0.9494
    0.6466

    0.1903

    0.0163

    0.5000
         0

   26.4000

   300

     3

    0.0104
    0.0586

   1.0e-03 *

    0.9554
    0.6490

    0.1919

    0.0164

    0.5000
         0

   26.5000

   300

     3

    0.0105
    0.0587

   1.0e-03 *

    0.9615
    0.6513

    0.1936

    0.0165

    0.5000
         0

   26.6000

   300

     3

    0.0106
    0.0588

   1.0e-03 *

    0.9675
    0.6536

    0.1952

    0.0166

    0.5000
         0

   26.7000

   300

     3

    0.0107
    0.0588

   1.0e-03 *

    0.9736
    0.6559

    0.1969

    0.0167

    0.5000
         0

   26.8000

   300

     3

    0.0108
    0.0589

   1.0e-03 *

    0.9797
    0.6582

    0.1986

    0.0168

    0.5000
         0

   26.9000

   300

     3

    0.0109
    0.0589

   1.0e-03 *

    0.9857
    0.6605

    0.2003

    0.0169

    0.5000
         0

   27.0000

   300

     3

    0.0110
    0.0590

   1.0e-03 *

    0.9918
    0.6629

    0.2020

    0.0170

    0.5000
         0

   27.1000

   300

     3

    0.0111
    0.0591

   1.0e-03 *

    0.9978
    0.6652

    0.2037

    0.0171

    0.5000
         0

   27.2000

   300

     3

    0.0112
    0.0591

    0.0010
    0.0007

    0.2054

    0.0172

    0.5000
         0

   27.3000

   300

     3

    0.0113
    0.0592

    0.0010
    0.0007

    0.2071

    0.0173

    0.5000
         0

   27.4000

   300

     3

    0.0114
    0.0593

    0.0010
    0.0007

    0.2089

    0.0174

    0.5000
         0

   27.5000

   300

     3

    0.0115
    0.0593

    0.0010
    0.0007

    0.2106

    0.0175

    0.5000
         0

   27.6000

   300

     3

    0.0116
    0.0594

    0.0010
    0.0007

    0.2124

    0.0176

    0.5000
         0

   27.7000

   300

     3

    0.0117
    0.0595

    0.0010
    0.0007

    0.2141

    0.0178

    0.5000
         0

   27.8000

   300

     3

    0.0118
    0.0596

    0.0010
    0.0007

    0.2159

    0.0179

    0.5000
         0

   27.9000

   300

     3

    0.0119
    0.0596

    0.0010
    0.0007

    0.2177

    0.0180

    0.5000
         0

   28.0000

   300

     3

    0.0120
    0.0597

    0.0011
    0.0007

    0.2195

    0.0181

    0.5000
         0

   28.1000

   300

     3

    0.0122
    0.0598

    0.0011
    0.0007

    0.2213

    0.0182

    0.5000
         0

   28.2000

   300

     3

    0.0123
    0.0598

    0.0011
    0.0007

    0.2231

    0.0183

    0.5000
         0

   28.3000

   300

     3

    0.0124
    0.0599

    0.0011
    0.0007

    0.2250

    0.0184

    0.5000
         0

   28.4000

   300

     3

    0.0125
    0.0600

    0.0011
    0.0007

    0.2268

    0.0185

    0.5000
         0

   28.5000

   300

     3

    0.0126
    0.0600

    0.0011
    0.0007

    0.2287

    0.0186

    0.5000
         0

   28.6000

   300

     3

    0.0127
    0.0601

    0.0011
    0.0007

    0.2305

    0.0188

    0.5000
         0

   28.7000

   300

     3

    0.0128
    0.0602

    0.0011
    0.0007

    0.2324

    0.0189

    0.5000
         0

   28.8000

   300

     3

    0.0129
    0.0602

    0.0011
    0.0007

    0.2343

    0.0190

    0.5000
         0

   28.9000

   300

     3

    0.0130
    0.0603

    0.0011
    0.0007

    0.2362

    0.0191

    0.5000
         0

   29.0000

   300

     3

    0.0131
    0.0604

    0.0011
    0.0007

    0.2381

    0.0192

    0.5000
         0

   29.1000

   300

     3

    0.0132
    0.0605

    0.0011
    0.0007

    0.2401

    0.0193

    0.5000
         0

   29.2000

   300

     3

    0.0134
    0.0605

    0.0011
    0.0007

    0.2420

    0.0195

    0.5000
         0

   29.3000

   300

     3

    0.0135
    0.0606

    0.0011
    0.0007

    0.2440

    0.0196

    0.5000
         0

   29.4000

   300

     3

    0.0136
    0.0607

    0.0011
    0.0007

    0.2459

    0.0197

    0.5000
         0

   29.5000

   300

     3

    0.0137
    0.0607

    0.0011
    0.0007

    0.2479

    0.0198

    0.5000
         0

   29.6000

   300

     3

    0.0138
    0.0608

    0.0011
    0.0007

    0.2499

    0.0200

    0.5000
         0

   29.7000

   300

     3

    0.0139
    0.0609

    0.0012
    0.0007

    0.2519

    0.0201

    0.5000
         0

   29.8000

   300

     3

    0.0140
    0.0610

    0.0012
    0.0007

    0.2539

    0.0202

    0.5000
         0

   29.9000

   300

     3

    0.0142
    0.0610

    0.0012
    0.0007

    0.2559

    0.0203

    0.5000
         0

   30.0000

   300

     3

    0.0143
    0.0611

    0.0012
    0.0007

    0.2580

    0.0205

    0.5000
         0

   30.1000

   300

     3

    0.0144
    0.0612

    0.0012
    0.0007

    0.2600

    0.0206

    0.5000
         0

   30.2000

   300

     3

    0.0145
    0.0612

    0.0012
    0.0007

    0.2621

    0.0207

    0.5000
         0

   30.3000

   300

     3

    0.0146
    0.0613

    0.0012
    0.0007

    0.2642

    0.0209

    0.5000
         0

   30.4000

   300

     3

    0.0147
    0.0614

    0.0012
    0.0007

    0.2663

    0.0210

    0.5000
         0

   30.5000

   300

     3

    0.0149
    0.0615

    0.0012
    0.0007

    0.2684

    0.0211

    0.5000
         0

   30.6000

   300

     3

    0.0150
    0.0615

    0.0012
    0.0007

    0.2705

    0.0213

    0.5000
         0

   30.7000

   300

     3

    0.0151
    0.0616

    0.0012
    0.0007

    0.2726

    0.0214

    0.5000
         0

   30.8000

   300

     3

    0.0152
    0.0617

    0.0012
    0.0007

    0.2748

    0.0215

    0.5000
         0

   30.9000

   300

     3

    0.0154
    0.0618

    0.0012
    0.0007

    0.2769

    0.0217

    0.5000
         0

   31.0000

   300

     3

    0.0155
    0.0618

    0.0012
    0.0007

    0.2791

    0.0218

    0.5000
         0

   31.1000

   300

     3

    0.0156
    0.0619

    0.0012
    0.0008

    0.2813

    0.0220

    0.5000
         0

   31.2000

   300

     3

    0.0157
    0.0620

    0.0012
    0.0008

    0.2835

    0.0221

    0.5000
         0

   31.3000

   300

     3

    0.0158
    0.0621

    0.0012
    0.0008

    0.2857

    0.0223

    0.5000
         0

   31.4000

   300

     3

    0.0160
    0.0621

    0.0013
    0.0008

    0.2879

    0.0224

    0.5000
         0

   31.5000

   300

     3

    0.0161
    0.0622

    0.0013
    0.0008

    0.2902

    0.0226

    0.5000
         0

   31.6000

   300

     3

    0.0162
    0.0623

    0.0013
    0.0008

    0.2925

    0.0227

    0.5000
         0

   31.7000

   300

     3

    0.0163
    0.0624

    0.0013
    0.0008

    0.2947

    0.0229

    0.5000
         0

   31.8000

   300

     3

    0.0165
    0.0624

    0.0013
    0.0008

    0.2970

    0.0230

    0.5000
         0

   31.9000

   300

     3

    0.0166
    0.0625

    0.0013
    0.0008

    0.2993

    0.0232

    0.5000
         0

   32.0000

   300

     3

    0.0167
    0.0626

    0.0013
    0.0008

    0.3017

    0.0233

    0.5000
         0

   32.1000

   300

     3

    0.0169
    0.0627

    0.0013
    0.0008

    0.3040

    0.0235

    0.5000
         0

   32.2000

   300

     3

    0.0170
    0.0628

    0.0013
    0.0008

    0.3063

    0.0236

    0.5000
         0

   32.3000

   300

     3

    0.0171
    0.0628

    0.0013
    0.0008

    0.3087

    0.0238

    0.5000
         0

   32.4000

   300

     3

    0.0173
    0.0629

    0.0013
    0.0008

    0.3111

    0.0239

    0.5000
         0

   32.5000

   300

     3

    0.0174
    0.0630

    0.0013
    0.0008

    0.3135

    0.0241

    0.5000
         0

   32.6000

   300

     3

    0.0175
    0.0631

    0.0013
    0.0008

    0.3159

    0.0243

    0.5000
         0

   32.7000

   300

     3

    0.0176
    0.0631

    0.0013
    0.0008

    0.3184

    0.0244

    0.5000
         0

   32.8000

   300

     3

    0.0178
    0.0632

    0.0013
    0.0008

    0.3208

    0.0246

    0.5000
         0

   32.9000

   300

     3

    0.0179
    0.0633

    0.0013
    0.0008

    0.3233

    0.0248

    0.5000
         0

   33.0000

   300

     3

    0.0181
    0.0634

    0.0013
    0.0008

    0.3258

    0.0250

    0.5000
         0

   33.1000

   300

     3

    0.0182
    0.0635

    0.0014
    0.0008

    0.3283

    0.0251

    0.5000
         0

   33.2000

   300

     3

    0.0183
    0.0635

    0.0014
    0.0008

    0.3308

    0.0253

    0.5000
         0

   33.3000

   300

     3

    0.0185
    0.0636

    0.0014
    0.0008

    0.3333

    0.0255

    0.5000
         0

   33.4000

   300

     3

    0.0186
    0.0637

    0.0014
    0.0008

    0.3359

    0.0257

    0.5000
         0

   33.5000

   300

     3

    0.0187
    0.0638

    0.0014
    0.0008

    0.3385

    0.0258

    0.5000
         0

   33.6000

   300

     3

    0.0189
    0.0638

    0.0014
    0.0008

    0.3411

    0.0260

    0.5000
         0

   33.7000

   300

     3

    0.0190
    0.0639

    0.0014
    0.0008

    0.3437

    0.0262

    0.5000
         0

   33.8000

   300

     3

    0.0191
    0.0640

    0.0014
    0.0008

    0.3463

    0.0264

    0.5000
         0

   33.9000

   300

     3

    0.0193
    0.0641

    0.0014
    0.0008

    0.3489

    0.0266

    0.5000
         0

   34.0000

   300

     3

    0.0194
    0.0642

    0.0014
    0.0008

    0.3516

    0.0268

    0.5000
         0

   34.1000

   300

     3

    0.0196
    0.0642

    0.0014
    0.0008

    0.3543

    0.0270

    0.5000
         0

   34.2000

   300

     3

    0.0197
    0.0643

    0.0014
    0.0008

    0.3570

    0.0272

    0.5000
         0

   34.3000

   300

     3

    0.0198
    0.0644

    0.0014
    0.0008

    0.3597

    0.0274

    0.5000
         0

   34.4000

   300

     3

    0.0200
    0.0645

    0.0014
    0.0008

    0.3625

    0.0276

    0.5000
         0

   34.5000

   300

     3

    0.0201
    0.0646

    0.0014
    0.0008

    0.3652

    0.0278

    0.5000
         0

   34.6000

   300

     3

    0.0203
    0.0646

    0.0014
    0.0008

    0.3680

    0.0280

    0.5000
         0

   34.7000

   300

     3

    0.0204
    0.0647

    0.0014
    0.0008

    0.3708

    0.0282

    0.5000
         0

   34.8000

   300

     3

    0.0206
    0.0648

    0.0014
    0.0008

    0.3737

    0.0284

    0.5000
         0

   34.9000

   300

     3

    0.0207
    0.0649

    0.0014
    0.0008

    0.3765

    0.0286

    0.5000
         0

   35.0000

   300

     3

    0.0209
    0.0650

    0.0015
    0.0008

    0.3794

    0.0288

    0.5000
         0

   35.1000

   300

     3

    0.0210
    0.0650

    0.0015
    0.0008

    0.3823

    0.0291

    0.5000
         0

   35.2000

   300

     3

    0.0211
    0.0651

    0.0015
    0.0008

    0.3852

    0.0293

    0.5000
         0

   35.3000

   300

     3

    0.0213
    0.0652

    0.0015
    0.0008

    0.3881

    0.0295

    0.5000
         0

   35.4000

   300

     3

    0.0214
    0.0653

    0.0015
    0.0008

    0.3911

    0.0297

    0.5000
         0

   35.5000

   300

     3

    0.0216
    0.0654

    0.0015
    0.0008

    0.3941

    0.0300

    0.5000
         0

   35.6000

   300

     3

    0.0217
    0.0655

    0.0015
    0.0008

    0.3971

    0.0302

    0.5000
         0

   35.7000

   300

     3

    0.0219
    0.0655

    0.0015
    0.0008

    0.4001

    0.0304

    0.5000
         0

   35.8000

   300

     3

    0.0220
    0.0656

    0.0015
    0.0008

    0.4032

    0.0307

    0.5000
         0

   35.9000

   300

     3

    0.0222
    0.0657

    0.0015
    0.0008

    0.4063

    0.0309

    0.5000
         0

   36.0000

   300

     3

    0.0223
    0.0658

    0.0015
    0.0008

    0.4094

    0.0312

    0.5000
         0

   36.1000

   300

     3

    0.0225
    0.0659

    0.0015
    0.0008

    0.4125

    0.0314

    0.5000
         0

   36.2000

   300

     3

    0.0226
    0.0659

    0.0015
    0.0008

    0.4156

    0.0317

    0.5000
         0

   36.3000

   300

     3

    0.0228
    0.0660

    0.0015
    0.0008

    0.4188

    0.0319

    0.5000
         0

   36.4000

   300

     3

    0.0229
    0.0661

    0.0015
    0.0008

    0.4220

    0.0322

    0.5000
         0

   36.5000

   300

     3

    0.0231
    0.0662

    0.0015
    0.0008

    0.4253

    0.0325

    0.5000
         0

   36.6000

   300

     3

    0.0232
    0.0663

    0.0015
    0.0008

    0.4285

    0.0327

    0.5000
         0

   36.7000

   300

     3

    0.0234
    0.0663

    0.0015
    0.0008

    0.4318

    0.0330

    0.5000
         0

   36.8000

   300

     3

    0.0236
    0.0664

    0.0015
    0.0008

    0.4351

    0.0333

    0.5000
         0

   36.9000

   300

     3

    0.0237
    0.0665

    0.0015
    0.0008

    0.4385

    0.0336

    0.5000
         0

   37.0000

   300

     3

    0.0239
    0.0666

    0.0016
    0.0008

    0.4418

    0.0339

    0.5000
         0

   37.1000

   300

     3

    0.0240
    0.0667

    0.0016
    0.0008

    0.4452

    0.0342

    0.5000
         0

   37.2000

   300

     3

    0.0242
    0.0667

    0.0016
    0.0008

    0.4487

    0.0345

    0.5000
         0

   37.3000

   300

     3

    0.0243
    0.0668

    0.0016
    0.0008

    0.4521

    0.0348

    0.5000
         0

   37.4000

   300

     3

    0.0245
    0.0669

    0.0016
    0.0008

    0.4556

    0.0351

    0.5000
         0

   37.5000

   300

     3

    0.0246
    0.0670

    0.0016
    0.0008

    0.4591

    0.0354

    0.5000
         0

   37.6000

   300

     3

    0.0248
    0.0671

    0.0016
    0.0008

    0.4627

    0.0357

    0.5000
         0

   37.7000

   300

     3

    0.0250
    0.0671

    0.0016
    0.0008

    0.4663

    0.0360

    0.5000
         0

   37.8000

   300

     3

    0.0251
    0.0672

    0.0016
    0.0008

    0.4699

    0.0363

    0.5000
         0

   37.9000

   300

     3

    0.0253
    0.0673

    0.0016
    0.0008

    0.4735

    0.0367

    0.5000
         0

   38.0000

   300

     3

    0.0254
    0.0674

    0.0016
    0.0008

    0.4772

    0.0370

    0.5000
         0

   38.1000

   300

     3

    0.0256
    0.0675

    0.0016
    0.0008

    0.4809

    0.0373

    0.5000
         0

   38.2000

   300

     3

    0.0258
    0.0675

    0.0016
    0.0008

    0.4847

    0.0377

    0.5000
         0

   38.3000

   300

     3

    0.0259
    0.0676

    0.0016
    0.0008

    0.4885

    0.0380

    0.5000
         0

   38.4000

   300

     3

    0.0261
    0.0677

    0.0016
    0.0008

    0.4923

    0.0384

    0.5000
         0

   38.5000

   300

     3

    0.0262
    0.0678

    0.0016
    0.0008

    0.4961

    0.0388

    0.5000
         0

   38.6000

   300

     3

    0.0264
    0.0679

    0.0016
    0.0008

    0.5000

    0.0391

    0.5000
         0

   38.7000

   300

     3

    0.0266
    0.0679

    0.0016
    0.0008

    0.5040

    0.0395

    0.5000
         0

   38.8000

   300

     3

    0.0267
    0.0680

    0.0016
    0.0008

    0.5079

    0.0399

    0.5000
         0

   38.9000

   300

     3

    0.0269
    0.0681

    0.0016
    0.0008

    0.5120

    0.0403

    0.5000
         0

   39.0000

   300

     3

    0.0271
    0.0682

    0.0016
    0.0008

    0.5160

    0.0407

    0.5000
         0

   39.1000

   300

     3

    0.0272
    0.0682

    0.0016
    0.0008

    0.5201

    0.0411

    0.5000
         0

   39.2000

   300

     3

    0.0274
    0.0683

    0.0016
    0.0008

    0.5242

    0.0415

    0.5000
         0

   39.3000

   300

     3

    0.0275
    0.0684

    0.0016
    0.0008

    0.5284

    0.0420

    0.5000
         0

   39.4000

   300

     3

    0.0277
    0.0685

    0.0016
    0.0008

    0.5326

    0.0424

    0.5000
         0

   39.5000

   300

     3

    0.0279
    0.0685

    0.0016
    0.0007

    0.5369

    0.0428

    0.5000
         0

   39.6000

   300

     3

    0.0280
    0.0686

    0.0016
    0.0007

    0.5412

    0.0433

    0.5000
         0

   39.7000

   300

     3

    0.0282
    0.0687

    0.0017
    0.0007

    0.5455

    0.0437

    0.5000
         0

   39.8000

   300

     3

    0.0284
    0.0688

    0.0017
    0.0007

    0.5499

    0.0442

    0.5000
         0

   39.9000

   300

     3

    0.0285
    0.0688

    0.0017
    0.0007

    0.5544

    0.0447

    0.5000
         0

   40.0000

   300

     3

    0.0287
    0.0689

    0.0017
    0.0007

    0.5589

    0.0452

    0.5000
         0

   40.1000

   300

     3

    0.0289
    0.0690

    0.0017
    0.0007

    0.5634

    0.0457

    0.5000
         0

   40.2000

   300

     3

    0.0290
    0.0691

    0.0017
    0.0007

    0.5680

    0.0462

    0.5000
         0

   40.3000

   300

     3

    0.0292
    0.0691

    0.0017
    0.0007

    0.5726

    0.0467

    0.5000
         0

   40.4000

   300

     3

    0.0294
    0.0692

    0.0017
    0.0007

    0.5773

    0.0472

    0.5000
         0

   40.5000

   300

     3

    0.0295
    0.0693

    0.0017
    0.0007

    0.5821

    0.0478

    0.5000
         0

   40.6000

   300

     3

    0.0297
    0.0693

    0.0017
    0.0007

    0.5869

    0.0483

    0.5000
         0

   40.7000

   300

     3

    0.0299
    0.0694

    0.0017
    0.0007

    0.5917

    0.0489

    0.5000
         0

   40.8000

   300

     3

    0.0300
    0.0695

    0.0017
    0.0007

    0.5966

    0.0495

    0.5000
         0

   40.9000

   300

     3

    0.0302
    0.0695

    0.0017
    0.0006

    0.6016

    0.0501

    0.5000
         0

   41.0000

   300

     3

    0.0304
    0.0696

    0.0017
    0.0006

    0.6066

    0.0507

    0.5000
         0

   41.1000

   300

     1

    0.0305
    0.0697

    0.0017
    0.0006

    0.6117

    0.0513

    0.5000
         0

   41.2000

   300

     1

    0.0307
    0.0697

    0.0017
    0.0006

    0.6169

    0.0519

    0.5000
         0

   41.3000

   300

     1

    0.0309
    0.0698

    0.0017
    0.0006

    0.6221

    0.0525

    0.5000
         0

   41.4000

   300

     1

    0.0310
    0.0698

    0.0017
    0.0006

    0.6274

    0.0531

    0.5000
         0

   41.5000

   300

     1

    0.0312
    0.0699

    0.0017
    0.0006

    0.6327

    0.0537

    0.5000
         0

   41.6000

   300

     1

    0.0314
    0.0700

    0.0017
    0.0006

    0.6381

    0.0543

    0.5000
         0

   41.7000

   300

     1

    0.0315
    0.0700

    0.0017
    0.0006

    0.6435

    0.0549

    0.5000
         0

   41.8000

   300

     1

    0.0317
    0.0701

    0.0017
    0.0006

    0.6491

    0.0555

    0.5000
         0

   41.9000

   300

     1

    0.0319
    0.0701

    0.0017
    0.0005

    0.6546

    0.0561

    0.5000
         0

   42.0000

   300

     1

    0.0320
    0.0702

    0.0017
    0.0005

    0.6603

    0.0567

    0.5000
         0

   42.1000

   300

     1

    0.0322
    0.0702

    0.0017
    0.0005

    0.6660

    0.0573

    0.5000
         0

   42.2000

   300

     1

    0.0324
    0.0703

    0.0017
    0.0005

    0.6717

    0.0579

    0.5000
         0

   42.3000

   300

     1

    0.0325
    0.0703

    0.0017
    0.0005

    0.6775

    0.0585

    0.5000
         0

   42.4000

   300

     1

    0.0327
    0.0704

    0.0017
    0.0005

    0.6834

    0.0591

    0.5000
         0

   42.5000

   300

     1

    0.0329
    0.0704

    0.0017
    0.0005

    0.6893

    0.0597

    0.5000
         0

   42.6000

   300

     1

    0.0330
    0.0705

    0.0017
    0.0005

    0.6953

    0.0603

    0.5000
         0

   42.7000

   300

     1

    0.0332
    0.0705

    0.0017
    0.0005

    0.7014

    0.0609

    0.5000
         0

   42.8000

   300

     1

    0.0334
    0.0706

    0.0017
    0.0005

    0.7075

    0.0615

    0.5000
         0

   42.9000

   300

     1

    0.0335
    0.0706

    0.0017
    0.0005

    0.7137

    0.0621

    0.5000
         0

   43.0000

   300

     1

    0.0337
    0.0707

    0.0017
    0.0004

    0.7199

    0.0627

    0.5000
         0

   43.1000

   300

     1

    0.0339
    0.0707

    0.0017
    0.0004

    0.7262

    0.0633

    0.5000
         0

   43.2000

   300

     1

    0.0340
    0.0708

    0.0017
    0.0004

    0.7325

    0.0639

    0.5000
         0

   43.3000

   300

     1

    0.0342
    0.0708

    0.0017
    0.0004

    0.7389

    0.0645

    0.5000
         0

   43.4000

   300

     1

    0.0344
    0.0708

    0.0017
    0.0004

    0.7454

    0.0651

    0.5000
         0

   43.5000

   300

     1

    0.0345
    0.0709

    0.0017
    0.0004

    0.7519

    0.0657

    0.5000
         0

   43.6000

   300

     1

    0.0347
    0.0709

    0.0017
    0.0004

    0.7585

    0.0663

    0.5000
         0

   43.7000

   300

     1

    0.0349
    0.0710

    0.0017
    0.0004

    0.7652

    0.0669

    0.5000
         0

   43.8000

   300

     1

    0.0350
    0.0710

    0.0017
    0.0004

    0.7719

    0.0675

    0.5000
         0

   43.9000

   300

     1

    0.0352
    0.0710

    0.0017
    0.0004

    0.7787

    0.0681

    0.5000
         0

   44.0000

   300

     1

    0.0354
    0.0711

    0.0017
    0.0003

    0.7855

    0.0687

    0.5000
         0

   44.1000

   300

     1

    0.0355
    0.0711

    0.0017
    0.0003

    0.7924

    0.0693

    0.5000
         0

   44.2000

   300

     1

    0.0357
    0.0711

    0.0017
    0.0003

    0.7993

    0.0699

    0.5000
         0

   44.3000

   300

     1

    0.0359
    0.0712

    0.0017
    0.0003

    0.8064

    0.0705

    0.5000
         0

   44.4000

   300

     1

    0.0360
    0.0712

    0.0017
    0.0003

    0.8134

    0.0711

    0.5000
         0

   44.5000

   300

     1

    0.0362
    0.0712

    0.0017
    0.0003

    0.8206

    0.0717

    0.5000
         0

   44.6000

   300

     1

    0.0364
    0.0713

    0.0017
    0.0003

    0.8278

    0.0723

    0.5000
         0

   44.7000

   300

     1

    0.0365
    0.0713

    0.0017
    0.0003

    0.8350

    0.0729

    0.5000
         0

   44.8000

   300

     1

    0.0367
    0.0713

    0.0017
    0.0003

    0.8423

    0.0735

    0.5000
         0

   44.9000

   300

     1

    0.0369
    0.0713

    0.0017
    0.0003

    0.8497

    0.0741

    0.5000
         0

   45.0000

   300

     1

    0.0370
    0.0714

    0.0017
    0.0002

    0.8571

    0.0747

    0.5000
         0

   45.1000

   300

     1

    0.0372
    0.0714

    0.0017
    0.0002

    0.8646

    0.0753

    0.5000
         0

   45.2000

   300

     1

    0.0374
    0.0714

    0.0017
    0.0002

    0.8722

    0.0759

    0.5000
         0

   45.3000

   300

     1

    0.0375
    0.0714

    0.0017
    0.0002

    0.8798

    0.0765

    0.5000
         0

   45.4000

   300

     1

    0.0377
    0.0715

    0.0017
    0.0002

    0.8875

    0.0771

    0.5000
         0

   45.5000

   300

     1

    0.0379
    0.0715

    0.0017
    0.0002

    0.8952

    0.0777

    0.5000
         0

   45.6000

   300

     1

    0.0380
    0.0715

    0.0017
    0.0002

    0.9030

    0.0783

    0.5000
         0

   45.7000

   300

     1

    0.0382
    0.0715

    0.0017
    0.0002

    0.9108

    0.0789

    0.5000
         0

   45.8000

   300

     1

    0.0384
    0.0715

    0.0017
    0.0002

    0.9187

    0.0795

    0.5000
         0

   45.9000

   300

     1

    0.0385
    0.0715

    0.0017
    0.0002

    0.9267

    0.0801

    0.5000
         0

   46.0000

   300

     1

    0.0387
    0.0716

    0.0017
    0.0001

    0.9347

    0.0807

    0.5000
         0

   46.1000

   300

     1

    0.0389
    0.0716

    0.0017
    0.0001

    0.9428

    0.0813

    0.5000
         0

   46.2000

   300

     1

    0.0390
    0.0716

    0.0017
    0.0001

    0.9510

    0.0819

    0.5000
         0

   46.3000

   300

     1

    0.0392
    0.0716

    0.0017
    0.0001

    0.9592

    0.0825

    0.5000
         0

   46.4000

   300

     1

    0.0394
    0.0716

    0.0017
    0.0001

    0.9675

    0.0831

    0.5000
         0

   46.5000

   300

     1

    0.0395
    0.0716

    0.0017
    0.0001

    0.9758

    0.0837

    0.5000
         0

   46.6000

   300

     1

    0.0397
    0.0716

    0.0017
    0.0001

    0.9842

    0.0843

    0.5000
         0

   46.7000

   300

     1

    0.0399
    0.0716

    0.0017
    0.0001

    0.9926

    0.0849

    0.5000
         0

   46.8000

   300

     1

    0.0400
    0.0716

    0.0017
    0.0001

    1.0012

    0.0855

    0.5000
         0

   46.9000

   300

     1

    0.0402
    0.0717

    0.0017
    0.0001

    1.0097

    0.0861

    0.5000
         0

   47.0000

   300

     1

    0.0404
    0.0717

    0.0017
    0.0000

    1.0184

    0.0867

    0.5000
         0

   47.1000

   300

     1

    0.0405
    0.0717

    0.0017
    0.0000

    1.0271

    0.0873

    0.5000
         0

   47.2000

   300

     1

    0.0407
    0.0717

    0.0017
    0.0000

    1.0358

    0.0879

    0.5000
         0

   47.3000

   300

     1

    0.0409
    0.0717

    0.0017
    0.0000

    1.0446

    0.0885

    0.5000
         0

   47.4000

   300

     1

    0.0410
    0.0717

    0.0017
    0.0000

    1.0535

    0.0891

    0.5000
         0

   47.5000

   300

     1

    0.0412
    0.0717

    0.0017
    0.0000

    1.0624

    0.0897

    0.5000
         0

   47.6000

   300

     1

    0.0414
    0.0717

    0.0017
   -0.0000

    1.0714

    0.0903

    0.5000
         0

   47.7000

   300

     1

    0.0415
    0.0717

    0.0017
   -0.0000

    1.0805

    0.0909

    0.5000
         0

   47.8000

   300

     1

    0.0417
    0.0717

    0.0017
   -0.0000

    1.0896

    0.0915

    0.5000
         0

   47.9000

   300

     1

    0.0419
    0.0717

    0.0017
   -0.0000

    1.0988

    0.0921

    0.5000
         0

   48.0000

   300

     1

    0.0420
    0.0717

    0.0017
   -0.0000

    1.1080

    0.0927

    0.5000
         0

   48.1000

   300

     1

    0.0422
    0.0717

    0.0017
   -0.0001

    1.1173

    0.0933

    0.5000
         0

   48.2000

   300

     1

    0.0424
    0.0716

    0.0017
   -0.0001

    1.1266

    0.0939

    0.5000
         0

   48.3000

   300

     1

    0.0425
    0.0716

    0.0017
   -0.0001

    1.1360

    0.0945

    0.5000
         0

   48.4000

   300

     1

    0.0427
    0.0716

    0.0017
   -0.0001

    1.1455

    0.0951

    0.5000
         0

   48.5000

   300

     1

    0.0429
    0.0716

    0.0017
   -0.0001

    1.1550

    0.0957

    0.5000
         0

   48.6000

   300

     1

    0.0430
    0.0716

    0.0017
   -0.0001

    1.1646

    0.0963

    0.5000
         0

   48.7000

   300

     1

    0.0432
    0.0716

    0.0017
   -0.0001

    1.1743

    0.0969

    0.5000
         0

   48.8000

   300

     1

    0.0433
    0.0716

    0.0017
   -0.0001

    1.1840

    0.0975

    0.5000
         0

   48.9000

   300

     1

    0.0435
    0.0716

    0.0017
   -0.0001

    1.1938

    0.0981

    0.5000
         0

   49.0000

   300

     1

    0.0437
    0.0716

    0.0017
   -0.0001

    1.2036

    0.0987

    0.5000
         0

   49.1000

   300

     1

    0.0438
    0.0715

    0.0017
   -0.0002

    1.2135

    0.0993

    0.5000
         0

   49.2000

   300

     1

    0.0440
    0.0715

    0.0017
   -0.0002

    1.2235

    0.0999

    0.5000
         0

   49.3000

   300

     1

    0.0442
    0.0715

    0.0017
   -0.0002

    1.2335

    0.1005

    0.5000
         0

   49.4000

   300

     1

    0.0443
    0.0715

    0.0017
   -0.0002

    1.2435

    0.1011

    0.5000
         0

   49.5000

   300

     1

    0.0445
    0.0715

    0.0017
   -0.0002

    1.2537

    0.1017

    0.5000
         0

   49.6000

   300

     1

    0.0447
    0.0715

    0.0017
   -0.0002

    1.2639

    0.1023

    0.5000
         0

   49.7000

   300

     1

    0.0448
    0.0714

    0.0017
   -0.0002

    1.2741

    0.1029

    0.5000
         0

   49.8000

   300

     1

    0.0450
    0.0714

    0.0017
   -0.0002

    1.2844

    0.1035

    0.5000
         0

   49.9000

   300

     1

    0.0452
    0.0714

    0.0017
   -0.0002

    1.2948

    0.1041

    0.5000
         0

   50.0000

   300

     1

    0.0453
    0.0714

    0.0017
   -0.0002

    1.3052

    0.1047

    0.5000
         0

   50.1000

   300

     1

    0.0455
    0.0713

    0.0017
   -0.0003

    1.3157

    0.1053

    0.5000
         0

   50.2000

   300

     1

    0.0457
    0.0713

    0.0017
   -0.0003

    1.3263

    0.1059

    0.5000
         0

   50.3000

   300

     1

    0.0458
    0.0713

    0.0017
   -0.0003

    1.3369

    0.1065

    0.5000
         0

   50.4000

   300

     1

    0.0460
    0.0713

    0.0017
   -0.0003

    1.3476

    0.1071

    0.5000
         0

   50.5000

   300

     1

    0.0462
    0.0712

    0.0017
   -0.0003

    1.3583

    0.1077

    0.5000
         0

   50.6000

   300

     1

    0.0463
    0.0712

    0.0017
   -0.0003

    1.3691

    0.1083

    0.5000
         0

   50.7000

   300

     1

    0.0465
    0.0712

    0.0017
   -0.0003

    1.3799

    0.1089

    0.5000
         0

   50.8000

   300

     1

    0.0467
    0.0711

    0.0017
   -0.0003

    1.3908

    0.1095

    0.5000
         0

   50.9000

   300

     1

    0.0468
    0.0711

    0.0017
   -0.0003

    1.4018

    0.1101

    0.5000
         0

   51.0000

   300

     1

    0.0470
    0.0711

    0.0017
   -0.0003

    1.4128

    0.1107

    0.5000
         0

   51.1000

   300

     1

    0.0472
    0.0710

    0.0017
   -0.0004

    1.4239

    0.1113

    0.5000
         0

   51.2000

   300

     1

    0.0473
    0.0710

    0.0017
   -0.0004

    1.4351

    0.1119

    0.5000
         0

   51.3000

   300

     1

    0.0475
    0.0710

    0.0017
   -0.0004

    1.4463

    0.1125

    0.5000
         0

   51.4000

   300

     1

    0.0477
    0.0709

    0.0017
   -0.0004

    1.4576

    0.1131

    0.5000
         0

   51.5000

   300

     1

    0.0478
    0.0709

    0.0017
   -0.0004

    1.4689

    0.1137

    0.5000
         0

   51.6000

   300

     1

    0.0480
    0.0709

    0.0017
   -0.0004

    1.4803

    0.1143

    0.5000
         0

   51.7000

   300

     1

    0.0482
    0.0708

    0.0017
   -0.0004

    1.4918

    0.1149

    0.5000
         0

   51.8000

   300

     1

    0.0483
    0.0708

    0.0017
   -0.0004

    1.5033

    0.1155

    0.5000
         0

   51.9000

   300

     1

    0.0485
    0.0707

    0.0017
   -0.0004

    1.5148

    0.1161

    0.5000
         0

   52.0000

   300

     1

    0.0487
    0.0707

    0.0017
   -0.0004

    1.5265

    0.1167

    0.5000
         0

   52.1000

   300

     1

    0.0488
    0.0706

    0.0017
   -0.0004

    1.5382

    0.1173

    0.5000
         0

   52.2000

   300

     1

    0.0490
    0.0706

    0.0017
   -0.0005

    1.5499

    0.1179

    0.5000
         0

   52.3000

   300

     1

    0.0492
    0.0706

    0.0017
   -0.0005

    1.5617

    0.1185

    0.5000
         0

   52.4000

   300

     1

    0.0493
    0.0705

    0.0017
   -0.0005

    1.5736

    0.1191

    0.5000
         0

   52.5000

   300

     1

    0.0495
    0.0705

    0.0017
   -0.0005

    1.5855

    0.1197

    0.5000
         0

   52.6000

   300

     1

    0.0497
    0.0704

    0.0017
   -0.0005

    1.5975

    0.1203

    0.5000
         0

   52.7000

   300

     1

    0.0498
    0.0704

    0.0017
   -0.0005

    1.6096

    0.1209

    0.5000
         0

   52.8000

   300

     1

    0.0500
    0.0703

    0.0017
   -0.0005

    1.6217

    0.1215

    0.5000
         0

   52.9000

   300

     1

    0.0502
    0.0703

    0.0017
   -0.0005

    1.6339

    0.1221

    0.5000
         0

   53.0000

   300

     1

    0.0503
    0.0702

    0.0017
   -0.0005

    1.6461

    0.1227

    0.5000
         0

   53.1000

   300

     1

    0.0505
    0.0701

    0.0017
   -0.0005

    1.6584

    0.1233

    0.5000
         0

   53.2000

   300

     1

    0.0507
    0.0701

    0.0017
   -0.0006

    1.6707

    0.1239

    0.5000
         0

   53.3000

   300

     1

    0.0508
    0.0700

    0.0017
   -0.0006

    1.6831

    0.1245

    0.5000
         0

   53.4000

   300

     1

    0.0510
    0.0700

    0.0017
   -0.0006

    1.6956

    0.1251

    0.5000
         0

   53.5000

   300

     1

    0.0512
    0.0699

    0.0017
   -0.0006

    1.7081

    0.1257

    0.5000
         0

   53.6000

   300

     1

    0.0513
    0.0699

    0.0017
   -0.0006

    1.7207

    0.1263

    0.5000
         0

   53.7000

   300

     1

    0.0515
    0.0698

    0.0017
   -0.0006

    1.7334

    0.1269

    0.5000
         0

   53.8000

   300

     1

    0.0517
    0.0697

    0.0017
   -0.0006

    1.7461

    0.1275

    0.5000
         0

   53.9000

   300

     1

    0.0518
    0.0697

    0.0017
   -0.0006

    1.7589

    0.1281

    0.5000
         0

   54.0000

   300

     1

    0.0520
    0.0696

    0.0017
   -0.0006

    1.7717

    0.1287

    0.5000
         0

   54.1000

   300

     1

    0.0522
    0.0695

    0.0017
   -0.0006

    1.7846

    0.1293

    0.5000
         0

   54.2000

   300

     1

    0.0523
    0.0695

    0.0017
   -0.0007

    1.7976

    0.1299

    0.5000
         0

   54.3000

   300

     1

    0.0525
    0.0694

    0.0017
   -0.0007

    1.8106

    0.1305

    0.5000
         0

   54.4000

   300

     1

    0.0527
    0.0693

    0.0017
   -0.0007

    1.8236

    0.1311

    0.5000
         0

   54.5000

   300

     1

    0.0528
    0.0693

    0.0017
   -0.0007

    1.8368

    0.1317

    0.5000
         0

   54.6000

   300

     1

    0.0530
    0.0692

    0.0017
   -0.0007

    1.8500

    0.1323

    0.5000
         0

   54.7000

   300

     1

    0.0532
    0.0691

    0.0017
   -0.0007

    1.8632

    0.1329

    0.5000
         0

   54.8000

   300

     1

    0.0533
    0.0691

    0.0017
   -0.0007

    1.8765

    0.1335

    0.5000
         0

   54.9000

   300

     1

    0.0535
    0.0690

    0.0017
   -0.0007

    1.8899

    0.1341

    0.5000
         0

   55.0000

   300

     1

    0.0537
    0.0689

    0.0017
   -0.0007

    1.9033

    0.1347

    0.5000
         0

   55.1000

   300

     1

    0.0538
    0.0689

    0.0017
   -0.0007

    1.9168

    0.1353

    0.5000
         0

   55.2000

   300

     1

    0.0540
    0.0688

    0.0017
   -0.0008

    1.9304

    0.1359

    0.5000
         0

   55.3000

   300

     1

    0.0542
    0.0687

    0.0017
   -0.0008

    1.9440

    0.1365

    0.5000
         0

   55.4000

   300

     1

    0.0543
    0.0686

    0.0017
   -0.0008

    1.9577

    0.1371

    0.5000
         0

   55.5000

   300

     1

    0.0545
    0.0685

    0.0017
   -0.0008

    1.9714

    0.1377

    0.5000
         0

   55.6000

   300

     1

    0.0547
    0.0685

    0.0017
   -0.0008

    1.9852

    0.1383

    0.5000
         0

   55.7000

   300

     1

    0.0548
    0.0684

    0.0017
   -0.0008

    1.9990

    0.1389

    0.5000
         0

   55.8000

   300

     1

    0.0550
    0.0683

    0.0017
   -0.0008

    2.0129

    0.1395

    0.5000
         0

   55.9000

   300

     1

    0.0552
    0.0682

    0.0017
   -0.0008

    2.0269

    0.1401

    0.5000
         0

   56.0000

   300

     1

    0.0553
    0.0681

    0.0017
   -0.0008

    2.0410

    0.1407

    0.5000
         0

   56.1000

   300

     1

    0.0555
    0.0681

    0.0017
   -0.0008

    2.0550

    0.1413

    0.5000
         0

   56.2000

   300

     1

    0.0557
    0.0680

    0.0017
   -0.0009

    2.0692

    0.1419

    0.5000
         0

   56.3000

   300

     1

Ouch! The top side hits the surface and gets broken.
Simulation is terminated.
