     6

     0

     3

   2.2134e-06

     3

   9.1208e-06

     3

   2.0793e-05

     3

   3.7230e-05

     3

   5.8429e-05

     3

   8.4389e-05

     3

   1.1511e-04

     3

   1.5058e-04

     3

   1.9080e-04

     3

   2.3577e-04

     3

   2.8548e-04

     3

   3.3993e-04

     3

   3.9910e-04

     3

   4.6301e-04

     3

   5.3162e-04

     3

   6.0495e-04

     3

   6.8298e-04

     3

   7.6570e-04

     3

   8.5309e-04

     3

   9.4516e-04

     3

    0.0010

     3

    0.0011

     3

    0.0012

     3

    0.0014

     3

    0.0015

     3

    0.0016

     3

    0.0017

     3

    0.0018

     3

    0.0020

     3

    0.0021

     3

    0.0023

     3

    0.0024

     3

    0.0026

     3

    0.0027

     3

    0.0029

     3

    0.0030

     3

    0.0032

     3

    0.0034

     3

    0.0036

     3

    0.0037

     3

    0.0039

     3

    0.0041

     3

    0.0043

     3

    0.0045

     3

    0.0047

     3

    0.0049

     3

    0.0051

     3

    0.0053

     3

    0.0056

     3

    0.0058

     3

    0.0060

     3

    0.0062

     3

    0.0064

     3

    0.0067

     3

    0.0069

     3

    0.0071

     3

    0.0074

     3

    0.0076

     3

    0.0079

     3

    0.0081

     3

    0.0084

     3

    0.0086

     1

    0.0089

     1

    0.0091

     1

    0.0093

     1

    0.0096

     1

    0.0098

     1

    0.0101

     1

    0.0103

     1

    0.0106

     1

    0.0108

     1

    0.0111

     1

    0.0113

     1

    0.0116

     1

    0.0118

     1

    0.0121

     1

    0.0123

     1

    0.0126

     1

    0.0128

     1

    0.0130

     1

    0.0133

     1

    0.0135

     1

    0.0138

     1

    0.0140

     1

    0.0143

     1

    0.0145

     1

    0.0148

     1

    0.0150

     1

    0.0153

     1

    0.0155

     1

    0.0158

     1

    0.0160

     1

    0.0162

     1

    0.0165

     1

    0.0167

     1

    0.0170

     1

    0.0172

     1

    0.0175

     1

    0.0177

     1

    0.0180

     1

    0.0182

     1

    0.0185

     1

    0.0187

     1

    0.0190

     1

    0.0192

     1

    0.0195

     1

    0.0197

     1

    0.0199

     1

    0.0202

     1

    0.0204

     1

    0.0207

     1

    0.0209

     1

    0.0212

     1

    0.0214

     1

    0.0217

     1

    0.0219

     1

    0.0222

     1

    0.0224

     1

    0.0227

     1

    0.0229

     1

    0.0231

     1

    0.0234

     1

    0.0236

     1

    0.0239

     1

    0.0241

     1

    0.0244

     1

    0.0246

     1

    0.0249

     1

    0.0251

     1

    0.0254

     1

    0.0256

     1

    0.0259

     1

    0.0261

     1

    0.0263

     1

    0.0266

     1

    0.0268

     1

    0.0271

     1

    0.0273

     1

    0.0276

     1

    0.0278

     1

    0.0281

     1

    0.0283

     1

    0.0286

     1

    0.0288

     1

    0.0291

     1

    0.0293

     1

    0.0296

     1

    0.0298

     1

    0.0300

     1

    0.0303

     1

    0.0305

     1

    0.0308

     1

    0.0310

     1

    0.0313

     1

    0.0315

     1

    0.0318

     1

    0.0320

     1

    0.0323

     1

    0.0325

     1

    0.0328

     1

    0.0330

     1

    0.0332

     1

    0.0335

     1

    0.0337

     1

    0.0340

     1

    0.0342

     1

    0.0345

     1

    0.0347

     1

    0.0350

     1

    0.0352

     1

    0.0355

     1

    0.0357

     1

    0.0360

     1

    0.0362

     1

    0.0365

     1

    0.0367

     1

    0.0369

     1

    0.0372

     1

    0.0374

     1

    0.0377

     1

    0.0379

     1

    0.0382

     1

    0.0384

     1

    0.0387

     1

    0.0389

     1

    0.0392

     1

    0.0394

     1

    0.0397

     1

    0.0399

     1

    0.0401

     1

    0.0404

     1

    0.0406

     1

    0.0409

     1

    0.0411

     1

    0.0414

     1

    0.0416

     1

    0.0419

     1

    0.0421

     1

    0.0424

     1

    0.0426

     1

    0.0429

     1

    0.0431

     1

    0.0434

     1

    0.0436

     1

    0.0438

     1

    0.0441

     1

    0.0443

     1

    0.0446

     1

    0.0448

     1

    0.0451

     1

    0.0453

     1

    0.0456

     1

    0.0458

     1

    0.0461

     1

    0.0463

     1

    0.0466

     1

    0.0468

     1

    0.0470

     1

    0.0473

     1

    0.0475

     1

    0.0478

     1

    0.0480

     1

    0.0483

     1

    0.0485

     1

    0.0488

     1

    0.0490

     1

    0.0493

     1

    0.0495

     1

    0.0498

     1

    0.0500

     1

    0.0503

     1

    0.0505

     1

    0.0507

     1

    0.0510

     1

    0.0512

     1

    0.0515

     1

    0.0517

     1

    0.0520

     1

    0.0522

     1

    0.0525

     1

    0.0527

     1

    0.0530

     1

    0.0532

     1

    0.0535

     1

    0.0537

     1

    0.0539

     1

    0.0542

     1

    0.0544

     1

    0.0547

     1

    0.0549

     1

    0.0552

     1

    0.0554

     1

    0.0557

     1

    0.0559

     1

    0.0562

     1

    0.0564

     1

    0.0567

     1

    0.0569

     1

    0.0572

     1

    0.0574

     1

    0.0576

     1

    0.0579

     1

    0.0581

     1

    0.0584

     1

    0.0586

     1

    0.0589

     1

    0.0591

     1

    0.0594

     1

    0.0596

     1

    0.0599

     1

    0.0601

     1

    0.0604

     1

    0.0606

     1

    0.0608

     1

    0.0611

     1

    0.0613

     1

    0.0616

     1

    0.0618

     1

    0.0621

     1

    0.0623

     1

    0.0626

     1

    0.0628

     1

    0.0631

     1

    0.0633

     1

    0.0636

     1

    0.0638

     1

    0.0640

     1

    0.0643

     1

    0.0645

     1

    0.0648

     1

    0.0650

     1

    0.0653

     1

    0.0655

     1

    0.0658

     1

    0.0660

     1

    0.0663

     1

    0.0665

     1

    0.0668

     1

    0.0670

     1

    0.0673

     1

    0.0675

     1

    0.0677

     1

    0.0680

     1

    0.0682

     1

    0.0685

     1

    0.0687

     1

    0.0690

     1

    0.0692

     1

    0.0695

     1

    0.0697

     1

    0.0700

     1

    0.0702

     1

    0.0705

     1

    0.0707

     1

    0.0709

     1

    0.0712

     1

    0.0714

     1

    0.0717

     1

    0.0719

     1

    0.0722

     1

    0.0724

     1

    0.0727

     1

    0.0729

     1

    0.0732

     1

    0.0734

     1

    0.0737

     1

    0.0739

     1

    0.0742

     1

    0.0744

     1

    0.0746

     1

    0.0749

     1

    0.0751

     1

    0.0754

     1

    0.0756

     1

    0.0759

     1

    0.0761

     1

    0.0764

     1

    0.0766

     1

    0.0769

     1

    0.0771

     1

    0.0774

     1

    0.0776

     1

    0.0778

     1

    0.0781

     1

    0.0783

     1

    0.0786

     1

    0.0788

     1

    0.0791

     1

    0.0793

     1

    0.0796

     1

    0.0798

     1

    0.0801

     1

    0.0803

     1

    0.0806

     1

    0.0808

     1

    0.0811

     1

    0.0813

     1

    0.0815

     1

    0.0818

     1

    0.0820

     1

    0.0823

     1

    0.0825

     1

    0.0828

     1

    0.0830

     1

    0.0833

     1

    0.0835

     1

    0.0838

     1

    0.0840

     1

    0.0843

     1

    0.0845

     1

    0.0847

     1

    0.0850

     1

    0.0852

     1

    0.0855

     1

    0.0857

     1

    0.0860

     1

    0.0862

     1

    0.0865

     1

    0.0867

     1

    0.0870

     1

    0.0872

     1

    0.0875

     1

    0.0877

     1

    0.0880

     1

    0.0882

     1

    0.0884

     1

    0.0887

     1

    0.0889

     1

    0.0892

     1

    0.0894

     1

    0.0897

     1

    0.0899

     1

    0.0902

     1

    0.0904

     1

    0.0907

     1

    0.0909

     1

    0.0912

     1

    0.0914

     1

    0.0916

     1

    0.0919

     1

    0.0921

     1

    0.0924

     1

    0.0926

     1

    0.0929

     1

    0.0931

     1

    0.0934

     1

    0.0936

     1

    0.0939

     1

    0.0941

     1

    0.0944

     1

    0.0946

     1

    0.0949

     1

    0.0951

     1

    0.0953

     1

    0.0956

     1

    0.0958

     1

    0.0961

     1

    0.0963

     1

    0.0966

     1

    0.0968

     1

    0.0971

     1

    0.0973

     1

    0.0976

     1

    0.0978

     1

    0.0981

     1

    0.0983

     1

    0.0985

     1

    0.0988

     1

    0.0990

     1

    0.0993

     1

    0.0995

     1

    0.0998

     1

    0.1000

     1

    0.1003

     1

    0.1005

     1

    0.1008

     1

    0.1010

     1

    0.1013

     1

    0.1015

     1

    0.1017

     1

    0.1020

     1

    0.1022

     1

    0.1025

     1

    0.1027

     1

    0.1030

     1

    0.1032

     1

    0.1035

     1

    0.1037

     1

    0.1040

     1

    0.1042

     1

    0.1045

     1

    0.1047

     1

    0.1050

     1

    0.1052

     1

    0.1054

     1

    0.1057

     1

    0.1059

     1

    0.1062

     1

    0.1064

     1

    0.1067

     1

    0.1069

     1

    0.1072

     1

    0.1074

     1

    0.1077

     1

    0.1079

     1

    0.1082

     1

    0.1084

     1

    0.1086

     1

    0.1089

     1

    0.1091

     1

    0.1094

     1

    0.1096

     1

    0.1099

     1

    0.1101

     1

    0.1104

     1

    0.1106

     1

    0.1109

     1

    0.1111

     1

    0.1114

     1

    0.1116

     1

    0.1119

     1

    0.1121

     1

    0.1123

     1

    0.1126

     1

    0.1128

     1

    0.1131

     1

    0.1133

     1

    0.1136

     1

    0.1138

     1

    0.1141

     1

    0.1143

     1

    0.1146

     1

    0.1148

     1

    0.1151

     1

    0.1153

     1

    0.1155

     1

    0.1158

     1

    0.1160

     1

    0.1163

     1

    0.1165

     1

    0.1168

     1

    0.1170

     1

    0.1173

     1

    0.1175

     1

    0.1178

     1

    0.1180

     1

    0.1183

     1

    0.1185

     1

    0.1188

     1

    0.1190

     1

    0.1192

     1

    0.1195

     1

    0.1197

     1

    0.1200

     1

    0.1202

     1

    0.1205

     1

    0.1207

     1

    0.1210

     1

    0.1212

     1

    0.1215

     1

    0.1217

     1

    0.1220

     1

    0.1222

     1

    0.1224

     1

    0.1227

     1

    0.1229

     1

    0.1232

     1

    0.1234

     1

    0.1237

     1

    0.1239

     1

    0.1242

     1

    0.1244

     1

    0.1247

     1

    0.1249

     1

    0.1252

     1

    0.1254

     1

    0.1257

     1

    0.1259

     1

    0.1261

     1

    0.1264

     1

    0.1266

     1

    0.1269

     1

    0.1271

     1

    0.1274

     1

    0.1276

     1

    0.1279

     1

    0.1281

     1

    0.1284

     1

    0.1286

     1

    0.1289

     1

    0.1291

     1

    0.1293

     1

    0.1296

     1

    0.1298

     1

    0.1301

     1

    0.1303

     1

    0.1306

     1

    0.1308

     1

    0.1311

     1

    0.1313

     1

    0.1316

     1

    0.1318

     1

    0.1321

     1

    0.1323

     1

    0.1325

     1

    0.1328

     1

    0.1330

     1

    0.1333

     1

    0.1335

     1

    0.1338

     1

    0.1340

     1

    0.1343

     1

    0.1345

     1

    0.1348

     1

    0.1350

     1

    0.1353

     1

    0.1355

     1

    0.1358

     1

    0.1360

     1

    0.1362

     1

    0.1365

     1

    0.1367

     1

    0.1370

     1

    0.1372

     1

    0.1375

     1

    0.1377

     1

    0.1380

     1

    0.1382

     1

    0.1385

     1

    0.1387

     1

    0.1390

     1

    0.1392

     1

    0.1394

     1

    0.1397

     1

    0.1399

     1

    0.1402

     1

    0.1404

     1

    0.1407

     1

    0.1409

     1

    0.1412

     1

    0.1414

     1

    0.1417

     1

    0.1419

     1

    0.1422

     1

    0.1424

     1

    0.1427

     1

    0.1429

     1

    0.1431

     1

    0.1434

     1

    0.1436

     1

    0.1439

     1

    0.1441

     1

    0.1444

     1

    0.1446

     1

    0.1449

     1

    0.1451

     1

    0.1454

     1

    0.1456

     1

    0.1459

     1

    0.1461

     1

    0.1463

     1

    0.1466

     1

    0.1468

     1

    0.1471

     1

    0.1473

     1

    0.1476

     1

    0.1478

     1

    0.1481

     1

    0.1483

     1

    0.1486

     1

    0.1488

     1

    0.1491

     1

    0.1493

     1

    0.1496

     1

    0.1498

     1

    0.1500

     1

    0.1503

     1

    0.1505

     1

    0.1508

     1

    0.1510

     1

    0.1513

     1

    0.1515

     1

    0.1518

     1

    0.1520

     1

    0.1523

     1

    0.1525

     1

    0.1528

     1

    0.1530

     1

    0.1532

     1

    0.1535

     1

    0.1537

     1

    0.1540

     1

    0.1542

     1

    0.1545

     1

    0.1547

     1

    0.1550

     1

    0.1552

     1

    0.1555

     1

    0.1557

     1

    0.1560

     1

    0.1562

     1

    0.1565

     1

    0.1567

     1

    0.1569

     1

    0.1572

     1

    0.1574

     1

    0.1577

     1

    0.1579

     1

    0.1582

     1

    0.1584

     1

    0.1587

     1

    0.1589

     1

    0.1592

     1

    0.1594

     1

    0.1597

     1

    0.1599

     1

    0.1601

     1

    0.1604

     1

    0.1606

     1

    0.1609

     1

    0.1611

     1

    0.1614

     1

    0.1616

     1

    0.1619

     1

    0.1621

     1

    0.1624

     1

    0.1626

     1

    0.1629

     1

    0.1631

     1

    0.1634

     1

    0.1636

     1

    0.1638

     1

    0.1641

     1

    0.1643

     1

    0.1646

     1

    0.1648

     1

    0.1651

     1

    0.1653

     1

    0.1656

     1

    0.1658

     1

    0.1661

     1

    0.1663

     1

    0.1666

     1

    0.1668

     1

    0.1670

     1

    0.1673

     1

    0.1675

     1

    0.1678

     1

    0.1680

     1

    0.1683

     1

    0.1685

     1

    0.1688

     1

    0.1690

     1

    0.1693

     1

    0.1695

     1

    0.1698

     1

    0.1700

     1

    0.1702

     1

    0.1705

     1

    0.1707

     1

    0.1710

     1

    0.1712

     1

    0.1715

     1

    0.1717

     1

    0.1720

     1

    0.1722

     1

    0.1725

     1

    0.1727

     1

    0.1730

     1

    0.1732

     1

    0.1735

     1

    0.1737

     1

    0.1739

     1

    0.1742

     1

    0.1744

     1

    0.1747

     1

    0.1749

     1

    0.1752

     1

    0.1754

     1

    0.1757

     1

    0.1759

     1

    0.1762

     1

    0.1764

     1

    0.1767

     1

    0.1769

     1

    0.1771

     1

    0.1774

     1

    0.1776

     1

    0.1779

     1

    0.1781

     1

    0.1784

     1

    0.1786

     1

    0.1789

     1

    0.1791

     1

    0.1794

     1

    0.1796

     1

    0.1799

     1

    0.1801

     1

    0.1804

     1

    0.1806

     1

    0.1808

     1

    0.1811

     1

    0.1813

     1

    0.1816

     1

    0.1818

     1

    0.1821

     1

    0.1823

     1

    0.1826

     1

    0.1828

     1

    0.1831

     1

    0.1833

     1

    0.1836

     1

    0.1838

     1

    0.1840

     1

    0.1843

     1

    0.1845

     1

    0.1848

     1

    0.1850

     1

    0.1853

     1

    0.1855

     1

    0.1858

     1

    0.1860

     1

    0.1863

     1

    0.1865

     1

    0.1868

     1

    0.1870

     1

    0.1873

     1

    0.1875

     1

    0.1877

     1

    0.1880

     1

    0.1882

     1

    0.1885

     1

    0.1887

     1

    0.1890

     1

    0.1892

     1

    0.1895

     1

    0.1897

     1

    0.1900

     1

    0.1902

     1

    0.1905

     1

    0.1907

     1

    0.1909

     1

    0.1912

     1

    0.1914

     1

    0.1917

     1

    0.1919

     1

    0.1922

     1

    0.1924

     1

    0.1927

     1

    0.1929

     1

    0.1932

     1

    0.1934

     1

    0.1937

     1

    0.1939

     1

    0.1942

     1

    0.1944

     1

    0.1946

     1

    0.1949

     1

    0.1951

     1

    0.1954

     1

    0.1956

     1

    0.1959

     1

    0.1961

     1

    0.1964

     1

    0.1966

     1

    0.1969

     1

    0.1971

     1

    0.1974

     1

    0.1976

     1

    0.1978

     1

    0.1981

     1

    0.1983

     1

    0.1986

     1

    0.1988

     1

    0.1991

     1

    0.1993

     1

    0.1996

     1

    0.1998

     1

    0.2001

     1

    0.2003

     1

    0.2006

     1

    0.2008

     1

    0.2010

     1

    0.2013

     1

    0.2015

     1

    0.2018

     1

    0.2020

     1

    0.2023

     1

    0.2025

     1

    0.2028

     1

    0.2030

     1

    0.2033

     1

    0.2035

     1

    0.2038

     1

    0.2040

     1

    0.2043

     1

    0.2045

     1

    0.2047

     1

    0.2050

     1

    0.2052

     1

    0.2055

     1

    0.2057

     1

    0.2060

     1

    0.2062

     1

    0.2065

     1

    0.2067

     1

    0.2070

     1

    0.2072

     1

    0.2075

     1

    0.2077

     1

    0.2079

     1

    0.2082

     1

    0.2084

     1

    0.2087

     1

    0.2089

     1

    0.2092

     1

    0.2094

     1

    0.2097

     1

    0.2099

     1

    0.2102

     1

    0.2104

     1

    0.2107

     1

    0.2109

     1

    0.2112

     1

    0.2114

     1

    0.2116

     1

    0.2119

     1

    0.2121

     1

    0.2124

     1

    0.2126

     1

    0.2129

     1

    0.2131

     1

    0.2134

     1

    0.2136

     1

    0.2139

     1

    0.2141

     1

    0.2144

     1

    0.2146

     1

    0.2148

     1

    0.2151

     1

    0.2153

     1

    0.2156

     1

    0.2158

     1

    0.2161

     1

    0.2163

     1

    0.2166

     1

    0.2168

     1

    0.2171

     1

    0.2173

     1

    0.2176

     1

    0.2178

     1

    0.2181

     1

    0.2183

     1

    0.2185

     1

    0.2188

     1

    0.2190

     1

    0.2193

     1

    0.2195

     1

    0.2198

     1

    0.2200

     1

    0.2203

     1

    0.2205

     1

    0.2208

     1

    0.2210

     1

    0.2213

     1

    0.2215

     1

    0.2217

     1

    0.2220

     1

    0.2222

     1

    0.2225

     1

    0.2227

     1

    0.2230

     1

    0.2232

     1

    0.2235

     1

    0.2237

     1

    0.2240

     1

    0.2242

     1

    0.2245

     1

    0.2247

     1

    0.2250

     1

    0.2252

     1

    0.2254

     1

    0.2257

     1

    0.2259

     1

    0.2262

     1

    0.2264

     1

    0.2267

     1

    0.2269

     1

    0.2272

     1

    0.2274

     1

    0.2277

     1

    0.2279

     1

    0.2282

     1

    0.2284

     1

    0.2286

     1

    0.2289

     1

    0.2291

     1

    0.2294

     1

    0.2296

     1

    0.2299

     1

    0.2301

     1

    0.2304

     1

    0.2306

     5

    0.2310

     1

    0.2314

     1

    0.2317

     1

    0.2321

     5

    0.2325

     1

    0.2328

     1

    0.2332

     1

    0.2336

     1

    0.2339

     1

    0.2343

     1

    0.2347

     1

    0.2350

     1

    0.2354

     1

    0.2358

     1

    0.2361

     1

    0.2365

     1

    0.2369

     1

    0.2372

     1

    0.2376

     1

    0.2380

     1

    0.2383

     1

    0.2387

     1

    0.2391

     5

    0.2394

     1

    0.2398

     1

    0.2401

     1

    0.2405

     1

    0.2408

     1

    0.2412

     1

    0.2415

     1

    0.2419

     1

    0.2422

     1

    0.2426

     1

    0.2430

     1

    0.2433

     1

    0.2437

     1

    0.2440

     1

    0.2444

     1

    0.2447

     1

    0.2451

     1

    0.2454

     1

    0.2458

     1

    0.2461

     1

    0.2465

     1

    0.2468

     1

    0.2472

     1

    0.2475

     1

    0.2479

     1

    0.2482

     1

    0.2486

     1

    0.2489

     1

    0.2493

     1

    0.2496

     1

    0.2500

     1

    0.2504

     1

    0.2507

     1

    0.2511

     1

    0.2514

     1

    0.2518

     1

    0.2521

     1

    0.2525

     1

    0.2528

     1

    0.2532

     1

    0.2535

     1

    0.2539

     1

    0.2542

     1

    0.2546

     1

    0.2549

     1

    0.2553

     1

    0.2556

     1

    0.2560

     1

    0.2563

     1

    0.2567

     1

    0.2571

     1

    0.2574

     1

    0.2578

     1

    0.2581

     1

    0.2585

     1

    0.2588

     1

    0.2592

     1

    0.2595

     1

    0.2599

     1

    0.2602

     1

    0.2606

     1

    0.2609

     1

    0.2613

     1

    0.2616

     1

    0.2620

     1

    0.2623

     1

    0.2627

     1

    0.2630

     1

    0.2634

     1

    0.2637

     1

    0.2641

     1

    0.2645

     1

    0.2648

     1

    0.2652

     1

    0.2655

     1

    0.2659

     1

    0.2662

     1

    0.2666

     1

    0.2669

     1

    0.2673

     5

    0.2676

     5

    0.2679

     1

    0.2682

     1

    0.2685

     1

    0.2688

     1

    0.2691

     1

    0.2694

     1

    0.2697

     1

    0.2700

     1

    0.2703

     1

    0.2706

     1

    0.2709

     1

    0.2712

     1

    0.2715

     1

    0.2717

     1

    0.2720

     1

    0.2723

     1

    0.2726

     1

    0.2729

     1

    0.2732

     1

    0.2735

     1

    0.2738

     1

    0.2741

     1

    0.2744

     1

    0.2747

     1

    0.2750

     1

    0.2753

     1

    0.2756

     1

    0.2759

     1

    0.2762

     1

    0.2765

     1

    0.2768

     1

    0.2771

     1

    0.2774

     1

    0.2777

     1

    0.2780

     1

    0.2783

     1

    0.2786

     1

    0.2789

     1

    0.2791

     1

    0.2794

     1

    0.2797

     1

    0.2800

     1

    0.2803

     1

    0.2806

     1

    0.2809

     1

    0.2812

     1

    0.2815

     1

    0.2818

     1

    0.2821

     1

    0.2824

     1

    0.2827

     1

    0.2830

     1

    0.2833

     1

    0.2836

     1

    0.2839

     1

    0.2842

     1

    0.2845

     1

    0.2848

     1

    0.2851

     1

    0.2854

     1

    0.2857

     1

    0.2860

     1

    0.2862

     1

    0.2865

     1

    0.2868

     1

    0.2871

     1

    0.2874

     1

    0.2877

     1

    0.2880

     1

    0.2883

     1

    0.2886

     1

    0.2889

     1

    0.2892

     1

    0.2895

     1

    0.2898

     1

    0.2901

     1

    0.2904

     1

    0.2907

     1

    0.2910

     1

    0.2913

     1

    0.2916

     1

    0.2919

     1

    0.2922

     1

    0.2925

     1

    0.2928

     1

    0.2931

     1

    0.2934

     1

    0.2936

     1

    0.2939

     1

    0.2942

     1

    0.2945

     1

    0.2948

     1

    0.2951

     1

    0.2954

     1

    0.2957

     1

    0.2960

     1

    0.2963

     1

    0.2966

     1

    0.2969

     1

    0.2972

     1

    0.2975

     1

    0.2978

     1

    0.2981

     1

    0.2984

     1

    0.2987

     1

    0.2990

     1

    0.2993

     1

    0.2996

     1

    0.2999

     1

    0.3002

     1

    0.3005

     1

    0.3008

     1

    0.3011

     1

    0.3014

     1

    0.3016

     1

    0.3019

     1

    0.3022

     1

    0.3025

     1

    0.3028

     1

    0.3031

     1

    0.3034

     1

    0.3037

     1

    0.3040

     1

    0.3043

     1

    0.3046

     1

    0.3049

     1

    0.3052

     1

    0.3055

     1

    0.3058

     1

    0.3061

     1

    0.3064

     1

    0.3067

     1

    0.3070

     1

    0.3073

     1

    0.3076

     1

    0.3079

     1

    0.3082

     1

    0.3085

     1

    0.3088

     1

    0.3091

     1

    0.3094

     1

    0.3097

     1

    0.3100

     1

    0.3102

     1

    0.3105

     1

    0.3108

     1

    0.3111

     1

    0.3114

     1

    0.3117

     1

    0.3120

     1

    0.3123

     1

    0.3126

     1

    0.3129

     1

    0.3132

     1

    0.3135

     1

    0.3138

     1

    0.3141

     1

    0.3144

     1

    0.3147

     1

    0.3150

     1

    0.3153

     1

    0.3156

     1

    0.3159

     1

    0.3162

     1

    0.3165

     1

    0.3168

     1

    0.3171

     1

    0.3174

     1

    0.3177

     1

    0.3180

     1

    0.3183

     1

    0.3186

     1

    0.3188

     1

    0.3191

     1

    0.3194

     1

    0.3197

     1

    0.3200

     1

    0.3203

     1

    0.3206

     1

    0.3209

     1

    0.3212

     1

    0.3215

     1

    0.3218

     1

    0.3221

     1

    0.3224

     1

    0.3227

     1

    0.3230

     1

    0.3233

     1

    0.3236

     1

    0.3239

     1

    0.3242

     1

    0.3245

     1

    0.3248

     1

    0.3251

     1

    0.3254

     1

    0.3257

     1

    0.3259

     1

    0.3262

     5

    0.3265

     1

    0.3268

     1

    0.3271

     1

    0.3275

     1

    0.3278

     1

    0.3281

     1

    0.3284

     1

    0.3287

     1

    0.3290

     1

    0.3293

     1

    0.3297

     1

    0.3300

     1

    0.3303

     1

    0.3306

     1

    0.3309

     1

    0.3312

     1

    0.3315

     1

    0.3318

     1

    0.3322

     1

    0.3325

     1

    0.3328

     1

    0.3331

     1

    0.3334

     1

    0.3337

     1

    0.3340

     1

    0.3343

     1

    0.3347

     1

    0.3350

     1

    0.3353

     1

    0.3356

     1

    0.3359

     1

    0.3362

     1

    0.3365

     1

    0.3369

     1

    0.3372

     1

    0.3375

     1

    0.3378

     1

    0.3381

     1

    0.3384

     1

    0.3387

     1

    0.3390

     1

    0.3394

     1

    0.3397

     1

    0.3400

     1

    0.3403

     1

    0.3406

     1

    0.3409

     1

    0.3412

     1

    0.3415

     1

    0.3419

     1

    0.3422

     1

    0.3425

     1

    0.3428

     1

    0.3431

     1

    0.3434

     1

    0.3437

     1

    0.3441

     1

    0.3444

     1

    0.3447

     1

    0.3450

     1

    0.3453

     1

    0.3456

     1

    0.3459

     1

    0.3462

     1

    0.3466

     1

    0.3469

     1

    0.3472

     1

    0.3475

     1

    0.3478

     1

    0.3481

     1

    0.3484

     1

    0.3487

     1

    0.3491

     1

    0.3494

     1

    0.3497

     1

    0.3500

     1

    0.3503

     1

    0.3506

     1

    0.3509

     1

    0.3513

     1

    0.3516

     1

    0.3519

     1

    0.3522

     1

    0.3525

     1

    0.3528

     5

    0.3532

     1

    0.3537

     1

    0.3542

     1

    0.3548

     1

    0.3553

     1

    0.3558

     1

    0.3563

     1

    0.3569

     1

    0.3574

     1

    0.3579

     1

    0.3584

     1

    0.3590

     1

    0.3595

     1

    0.3600

     1

    0.3605

     1

    0.3611

     1

    0.3616

     1

    0.3621

     1

    0.3626

     1

    0.3631

     1

    0.3637

     1

    0.3642

     1

    0.3647

     1

    0.3652

     1

    0.3658

     1

    0.3663

     1

    0.3668

     1

    0.3673

     1

    0.3679

     1

    0.3684

     1

    0.3689

     1

    0.3694

     1

    0.3700

     1

    0.3705

     1

    0.3710

     1

    0.3715

     1

    0.3721

     1

    0.3726

     1

    0.3731

     1

    0.3736

     1

    0.3741

     1

    0.3747

     1

    0.3752

     1

    0.3757

     1

    0.3762

     1

    0.3768

     1

    0.3773

     1

    0.3778

     1

    0.3783

     1

    0.3789

     1

    0.3794

     1

    0.3799

     1

    0.3804

     1

    0.3810

     1

    0.3815

     1

    0.3820

     1

    0.3825

     1

    0.3831

     1

    0.3836

     1

    0.3841

     1

    0.3846

     1

    0.3851

     1

    0.3857

     1

    0.3862

     1

    0.3867

     1

    0.3872

     1

    0.3878

     1

    0.3883

     1

    0.3888

     1

    0.3893

     1

    0.3899

     1

    0.3904

     1

    0.3909

     1

    0.3914

     1

    0.3920

     1

    0.3925

     1

    0.3930

     1

    0.3935

     1

    0.3941

     1

    0.3946

     1

    0.3951

     1

    0.3956

     1

    0.3961

     1

    0.3967

     1

    0.3972

     1

    0.3977

     1

    0.3982

     1

    0.3988

     1

    0.3993

     1

    0.3998

     1

    0.4003

     1

    0.4009

     1

    0.4014

     1

    0.4019

     1

    0.4024

     1

    0.4030

     1

    0.4035

     1

    0.4040

     1

    0.4045

     1

    0.4051

     1

    0.4056

     1

    0.4061

     1

    0.4066

     1

    0.4071

     1

    0.4077

     1

    0.4082

     1

    0.4087

     1

    0.4092

     1

    0.4098

     1

    0.4103

     1

    0.4108

     1

    0.4113

     1

    0.4119

     1

    0.4124

     1

    0.4129

     1

    0.4134

     1

    0.4140

     1

    0.4145

     1

    0.4150

     1

    0.4155

     1

    0.4161

     1

    0.4166

     1

    0.4171

     1

    0.4176

     1

    0.4181

     1

    0.4187

     1

    0.4192

     1

    0.4197

     1

    0.4202

     1

    0.4208

     1

    0.4213

     1

    0.4218

     1

    0.4223

     1

    0.4229

     1

    0.4234

     1

    0.4239

     1

    0.4244

     1

    0.4250

     1

    0.4255

     1

    0.4260

     1

    0.4265

     1

    0.4271

     1

    0.4276

     1

    0.4281

     1

    0.4286

     1

    0.4291

     1

    0.4297

     1

    0.4302

     1

    0.4307

     1

    0.4312

     1

    0.4318

     1

    0.4323

     1

    0.4328

     1

    0.4333

     1

    0.4339

     1

    0.4344

     1

    0.4349

     1

    0.4354

     1

    0.4360

     1

    0.4365

{èàóùÇÕìríÜÇ≈èIóπÇµÇ‹ÇµÇΩ <a href="matlab:matlab.internal.language.introspective.errorDocCallback('HRjudge', 'C:\Users\issei\Desktop\2018_Hoppingrover\HRjudge.m', 14)" style="font-weight:bold">HRjudge</a> (<a href="matlab: opentoline('C:\Users\issei\Desktop\2018_Hoppingrover\HRjudge.m',14,0)">line 14</a>)


èÍèä <a href="matlab:matlab.internal.language.introspective.errorDocCallback('HRmain', 'C:\Users\issei\Desktop\2018_Hoppingrover\HRmain.m', 53)" style="font-weight:bold">HRmain</a> (<a href="matlab: opentoline('C:\Users\issei\Desktop\2018_Hoppingrover\HRmain.m',53,0)">line 53</a>)
		state = HRjudge(posT);
} 
HRmain
