     6

     0

     3

   1.0913e-06

     3

   4.5950e-06

     3

   1.0557e-05

     3

   1.8977e-05

     3

   2.9855e-05

     3

   4.3190e-05

     3

   5.8981e-05

     3

   7.7229e-05

     3

   9.7933e-05

     3

   1.2109e-04

     3

   1.4670e-04

     3

   1.7477e-04

     3

   2.0528e-04

     3

   2.3825e-04

     3

   2.7366e-04

     3

   3.1152e-04

     3

   3.5183e-04

     3

   3.9458e-04

     3

   4.3977e-04

     3

   4.8741e-04

     3

   5.3748e-04

     3

   5.8998e-04

     3

   6.4492e-04

     3

   7.0229e-04

     3

   7.6209e-04

     3

   8.2432e-04

     3

   8.8896e-04

     3

   9.5603e-04

     3

    0.0010

     3

    0.0011

     3

    0.0012

     3

    0.0012

     3

    0.0013

     3

    0.0014

     3

    0.0015

     3

    0.0016

     3

    0.0017

     3

    0.0018

     3

    0.0019

     3

    0.0019

     3

    0.0020

     3

    0.0021

     3

    0.0022

     3

    0.0024

     3

    0.0025

     3

    0.0026

     3

    0.0027

     3

    0.0028

     3

    0.0029

     3

    0.0030

     3

    0.0032

     3

    0.0033

     3

    0.0034

     3

    0.0035

     3

    0.0037

     3

    0.0038

     3

    0.0039

     3

    0.0041

     3

    0.0042

     3

    0.0043

     3

    0.0045

     3

    0.0046

     3

    0.0048

     3

    0.0049

     3

    0.0051

     3

    0.0052

     3

    0.0054

     3

    0.0056

     3

    0.0057

     3

    0.0059

     3

    0.0060

     3

    0.0062

     3

    0.0064

     3

    0.0065

     3

    0.0067

     3

    0.0069

     3

    0.0071

     3

    0.0072

     3

    0.0074

     3

    0.0076

     3

    0.0078

     3

    0.0080

     3

    0.0081

     3

    0.0083

     3

    0.0085

     3

    0.0087

     3

    0.0089

     3

    0.0091

     3

    0.0093

     3

    0.0095

     3

    0.0097

     3

    0.0098

     3

    0.0100

     1

    0.0102

     1

    0.0104

     1

    0.0106

     1

    0.0108

     1

    0.0110

     1

    0.0112

     1

    0.0114

     1

    0.0116

     1

    0.0118

     1

    0.0120

     1

    0.0121

     1

    0.0123

     1

    0.0125

     1

    0.0127

     1

    0.0129

     1

    0.0131

     1

    0.0133

     1

    0.0135

     1

    0.0137

     1

    0.0139

     1

    0.0141

     1

    0.0143

     1

    0.0145

     1

    0.0146

     1

    0.0148

     1

    0.0150

     1

    0.0152

     1

    0.0154

     1

    0.0156

     1

    0.0158

     1

    0.0160

     1

    0.0162

     1

    0.0164

     1

    0.0166

     1

    0.0168

     1

    0.0169

     1

    0.0171

     1

    0.0173

     1

    0.0175

     1

    0.0177

     1

    0.0179

     1

    0.0181

     1

    0.0183

     1

    0.0185

     1

    0.0187

     1

    0.0189

     1

    0.0191

     1

    0.0193

     1

    0.0194

     1

    0.0196

     1

    0.0198

     1

    0.0200

     1

    0.0202

     1

    0.0204

     1

    0.0206

     1

    0.0208

     1

    0.0210

     1

    0.0212

     1

    0.0214

     1

    0.0216

     1

    0.0217

     1

    0.0219

     1

    0.0221

     1

    0.0223

     1

    0.0225

     1

    0.0227

     1

    0.0229

     1

    0.0231

     1

    0.0233

     1

    0.0235

     1

    0.0237

     1

    0.0239

     1

    0.0241

     1

    0.0242

     1

    0.0244

     1

    0.0246

     1

    0.0248

     1

    0.0250

     1

    0.0252

     1

    0.0254

     1

    0.0256

     1

    0.0258

     1

    0.0260

     1

    0.0262

     1

    0.0264

     1

    0.0265

     1

    0.0267

     1

    0.0269

     1

    0.0271

     1

    0.0273

     1

    0.0275

     1

    0.0277

     1

    0.0279

     1

    0.0281

     1

    0.0283

     1

    0.0285

     1

    0.0287

     1

    0.0289

     1

    0.0290

     1

    0.0292

     1

    0.0294

     1

    0.0296

     1

    0.0298

     1

    0.0300

     1

    0.0302

     1

    0.0304

     1

    0.0306

     1

    0.0308

     1

    0.0310

     1

    0.0312

     1

    0.0313

     1

    0.0315

     1

    0.0317

     1

    0.0319

     1

    0.0321

     1

    0.0323

     1

    0.0325

     1

    0.0327

     1

    0.0329

     1

    0.0331

     1

    0.0333

     1

    0.0335

     1

    0.0337

     1

    0.0338

     1

    0.0340

     1

    0.0342

     1

    0.0344

     1

    0.0346

     1

    0.0348

     1

    0.0350

     1

    0.0352

     1

    0.0354

     1

    0.0356

     1

    0.0358

     1

    0.0360

     1

    0.0362

     1

    0.0363

     1

    0.0365

     1

    0.0367

     1

    0.0369

     1

    0.0371

     1

    0.0373

     1

    0.0375

     1

    0.0377

     1

    0.0379

     1

    0.0381

     1

    0.0383

     1

    0.0385

     1

    0.0386

     1

    0.0388

     1

    0.0390

     1

    0.0392

     1

    0.0394

     1

    0.0396

     1

    0.0398

     1

    0.0400

     1

    0.0402

     1

    0.0404

     1

    0.0406

     1

    0.0408

     1

    0.0410

     1

    0.0411

     1

    0.0413

     1

    0.0415

     1

    0.0417

     1

    0.0419

     1

    0.0421

     1

    0.0423

     1

    0.0425

     1

    0.0427

     1

    0.0429

     1

    0.0431

     1

    0.0433

     1

    0.0434

     1

    0.0436

     1

    0.0438

     1

    0.0440

     1

    0.0442

     1

    0.0444

     1

    0.0446

     1

    0.0448

     1

    0.0450

     1

    0.0452

     1

    0.0454

     1

    0.0456

     1

    0.0458

     1

    0.0459

     1

    0.0461

     1

    0.0463

     1

    0.0465

     1

    0.0467

     1

    0.0469

     1

    0.0471

     1

    0.0473

     1

    0.0475

     1

    0.0477

     1

    0.0479

     1

    0.0481

     1

    0.0482

     1

    0.0484

     1

    0.0486

     1

    0.0488

     1

    0.0490

     1

    0.0492

     1

    0.0494

     1

    0.0496

     1

    0.0498

     1

    0.0500

     1

    0.0502

     1

    0.0504

     1

    0.0506

     1

    0.0507

     1

    0.0509

     1

    0.0511

     1

    0.0513

     1

    0.0515

     1

    0.0517

     1

    0.0519

     1

    0.0521

     1

    0.0523

     1

    0.0525

     1

    0.0527

     1

    0.0529

     1

    0.0531

     1

    0.0532

     1

    0.0534

     1

    0.0536

     1

    0.0538

     1

    0.0540

     1

    0.0542

     1

    0.0544

     1

    0.0546

     1

    0.0548

     1

    0.0550

     1

    0.0552

     1

    0.0554

     1

    0.0555

     1

    0.0557

     1

    0.0559

     1

    0.0561

     1

    0.0563

     1

    0.0565

     1

    0.0567

     1

    0.0569

     1

    0.0571

     1

    0.0573

     1

    0.0575

     1

    0.0577

     1

    0.0579

     1

    0.0580

     1

    0.0582

     1

    0.0584

     1

    0.0586

     1

    0.0588

     1

    0.0590

     1

    0.0592

     1

    0.0594

     1

    0.0596

     1

    0.0598

     1

    0.0600

     1

    0.0602

     1

    0.0603

     1

    0.0605

     1

    0.0607

     1

    0.0609

     1

    0.0611

     1

    0.0613

     1

    0.0615

     1

    0.0617

     1

    0.0619

     1

    0.0621

     1

    0.0623

     1

    0.0625

     1

    0.0627

     1

    0.0628

     1

    0.0630

     1

    0.0632

     1

    0.0634

     1

    0.0636

     1

    0.0638

     1

    0.0640

     1

    0.0642

     1

    0.0644

     1

    0.0646

     1

    0.0648

     1

    0.0650

     1

    0.0651

     1

    0.0653

     1

    0.0655

     1

    0.0657

     1

    0.0659

     1

    0.0661

     1

    0.0663

     1

    0.0665

     1

    0.0667

     1

    0.0669

     1

    0.0671

     1

    0.0673

     1

    0.0675

     1

    0.0676

     1

    0.0678

     1

    0.0680

     1

    0.0682

     1

    0.0684

     1

    0.0686

     1

    0.0688

     1

    0.0690

     1

    0.0692

     1

    0.0694

     1

    0.0696

     1

    0.0698

     1

    0.0699

     1

    0.0701

     1

    0.0703

     1

    0.0705

     1

    0.0707

     1

    0.0709

     1

    0.0711

     1

    0.0713

     1

    0.0715

     1

    0.0717

     1

    0.0719

     1

    0.0721

     1

    0.0723

     1

    0.0724

     1

    0.0726

     1

    0.0728

     1

    0.0730

     1

    0.0732

     1

    0.0734

     1

    0.0736

     1

    0.0738

     1

    0.0740

     1

    0.0742

     1

    0.0744

     1

    0.0746

     1

    0.0748

     1

    0.0749

     1

    0.0751

     1

    0.0753

     1

    0.0755

     1

    0.0757

     1

    0.0759

     1

    0.0761

     1

    0.0763

     1

    0.0765

     1

    0.0767

     1

    0.0769

     1

    0.0771

     1

    0.0772

     1

    0.0774

     1

    0.0776

     1

    0.0778

     1

    0.0780

     1

    0.0782

     1

    0.0784

     1

    0.0786

     1

    0.0788

     1

    0.0790

     1

    0.0792

     1

    0.0794

     1

    0.0796

     1

    0.0797

     1

    0.0799

     1

    0.0801

     1

    0.0803

     1

    0.0805

     1

    0.0807

     1

    0.0809

     1

    0.0811

     1

    0.0813

     1

    0.0815

     1

    0.0817

     1

    0.0819

     1

    0.0820

     1

    0.0822

     1

    0.0824

     1

    0.0826

     1

    0.0828

     1

    0.0830

     1

    0.0832

     1

    0.0834

     1

    0.0836

     1

    0.0838

     1

    0.0840

     1

    0.0842

     1

    0.0844

     1

    0.0845

     1

    0.0847

     1

    0.0849

     1

    0.0851

     1

    0.0853

     1

    0.0855

     1

    0.0857

     1

    0.0859

     1

    0.0861

     1

    0.0863

     1

    0.0865

     1

    0.0867

     1

    0.0868

     1

    0.0870

     1

    0.0872

     1

    0.0874

     1

    0.0876

     1

    0.0878

     1

    0.0880

     1

    0.0882

     1

    0.0884

     1

    0.0886

     1

    0.0888

     1

    0.0890

     1

    0.0892

     1

    0.0893

     1

    0.0895

     1

    0.0897

     1

    0.0899

     1

    0.0901

     1

    0.0903

     1

    0.0905

     1

    0.0907

     1

    0.0909

     1

    0.0911

     1

    0.0913

     1

    0.0915

     1

    0.0916

     1

    0.0918

     1

    0.0920

     1

    0.0922

     1

    0.0924

     1

    0.0926

     1

    0.0928

     1

    0.0930

     1

    0.0932

     1

    0.0934

     1

    0.0936

     1

    0.0938

     1

    0.0940

     1

    0.0941

     1

    0.0943

     1

    0.0945

     1

    0.0947

     1

    0.0949

     1

    0.0951

     1

    0.0953

     1

    0.0955

     1

    0.0957

     1

    0.0959

     1

    0.0961

     1

    0.0963

     1

    0.0965

     1

    0.0966

     1

    0.0968

     1

    0.0970

     1

    0.0972

     1

    0.0974

     1

    0.0976

     1

    0.0978

     1

    0.0980

     1

    0.0982

     1

    0.0984

     1

    0.0986

     1

    0.0988

     1

    0.0989

     1

    0.0991

     1

    0.0993

     1

    0.0995

     1

    0.0997

     1

    0.0999

     1

    0.1001

     1

    0.1003

     1

    0.1005

     1

    0.1007

     1

    0.1009

     1

    0.1011

     1

    0.1013

     1

    0.1014

     1

    0.1016

     1

    0.1018

     1

    0.1020

     1

    0.1022

     1

    0.1024

     1

    0.1026

     1

    0.1028

     1

    0.1030

     1

    0.1032

     1

    0.1034

     1

    0.1036

     1

    0.1037

     1

    0.1039

     1

    0.1041

     1

    0.1043

     1

    0.1045

     1

    0.1047

     1

    0.1049

     1

    0.1051

     1

    0.1053

     1

    0.1055

     1

    0.1057

     1

    0.1059

     1

    0.1061

     1

    0.1062

     1

    0.1064

     1

    0.1066

     1

    0.1068

     1

    0.1070

     1

    0.1072

     1

    0.1074

     1

    0.1076

     1

    0.1078

     1

    0.1080

     1

    0.1082

     1

    0.1084

     1

    0.1085

     1

    0.1087

     1

    0.1089

     1

    0.1091

     1

    0.1093

     1

    0.1095

     1

    0.1097

     1

    0.1099

     1

    0.1101

     1

    0.1103

     1

    0.1105

     1

    0.1107

     1

    0.1109

     1

    0.1110

     1

    0.1112

     1

    0.1114

     1

    0.1116

     1

    0.1118

     1

    0.1120

     1

    0.1122

     1

    0.1124

     1

    0.1126

     1

    0.1128

     1

    0.1130

     1

    0.1132

     1

    0.1133

     1

    0.1135

     1

    0.1137

     1

    0.1139

     1

    0.1141

     1

    0.1143

     1

    0.1145

     1

    0.1147

     1

    0.1149

     1

    0.1151

     1

    0.1153

     1

    0.1155

     1

    0.1157

     1

    0.1158

     1

    0.1160

     1

    0.1162

     1

    0.1164

     1

    0.1166

     1

    0.1168

     1

    0.1170

     1

    0.1172

     1

    0.1174

     1

    0.1176

     1

    0.1178

     1

    0.1180

     1

    0.1182

     1

    0.1183

     1

    0.1185

     1

    0.1187

     1

    0.1189

     1

    0.1191

     1

    0.1193

     1

    0.1195

     1

    0.1197

     1

    0.1199

     1

    0.1201

     1

    0.1203

     1

    0.1205

     1

    0.1206

     1

    0.1208

     1

    0.1210

     1

    0.1212

     1

    0.1214

     1

    0.1216

     1

    0.1218

     1

    0.1220

     1

    0.1222

     1

    0.1224

     1

    0.1226

     1

    0.1228

     1

    0.1230

     1

    0.1231

     1

    0.1233

     1

    0.1235

     1

    0.1237

     1

    0.1239

     1

    0.1241

     1

    0.1243

     1

    0.1245

     1

    0.1247

     1

    0.1249

     1

    0.1251

     1

    0.1253

     1

    0.1254

     1

    0.1256

     1

    0.1258

     1

    0.1260

     1

    0.1262

     1

    0.1264

     1

    0.1266

     1

    0.1268

     1

    0.1270

     1

    0.1272

     1

    0.1274

     1

    0.1276

     1

    0.1278

     1

    0.1279

     1

    0.1281

     1

    0.1283

     1

    0.1285

     1

    0.1287

     1

    0.1289

     1

    0.1291

     1

    0.1293

     1

    0.1295

     1

    0.1297

     1

    0.1299

     1

    0.1301

     1

    0.1302

     1

    0.1304

     1

    0.1306

     1

    0.1308

     1

    0.1310

     1

    0.1312

     1

    0.1314

     1

    0.1316

     1

    0.1318

     1

    0.1320

     1

    0.1322

     1

    0.1324

     1

    0.1326

     1

    0.1327

     1

    0.1329

     1

    0.1331

     1

    0.1333

     1

    0.1335

     1

    0.1337

     1

    0.1339

     1

    0.1341

     1

    0.1343

     5

    0.1344

     1

    0.1346

     1

    0.1348

     1

    0.1350

     1

    0.1352

     1

    0.1353

     1

    0.1355

     1

    0.1357

     1

    0.1359

     1

    0.1361

     1

    0.1363

     1

    0.1364

     1

    0.1366

     1

    0.1368

     1

    0.1370

     1

    0.1372

     1

    0.1373

     1

    0.1375

     1

    0.1377

     1

    0.1379

     1

    0.1381

     1

    0.1383

     1

    0.1384

     1

    0.1386

     1

    0.1388

     1

    0.1390

     1

    0.1392

     1

    0.1393

     1

    0.1395

     1

    0.1397

     1

    0.1399

     1

    0.1401

     1

    0.1403

     1

    0.1404

     1

    0.1406

     1

    0.1408

     1

    0.1410

     1

    0.1412

     1

    0.1414

     1

    0.1415

     1

    0.1417

     1

    0.1419

     1

    0.1421

     1

    0.1423

     1

    0.1424

     1

    0.1426

     1

    0.1428

     1

    0.1430

     1

    0.1432

     1

    0.1434

     1

    0.1435

     1

    0.1437

     1

    0.1439

     1

    0.1441

     1

    0.1443

     1

    0.1445

     1

    0.1446

     1

    0.1448

     1

    0.1450

     1

    0.1452

     1

    0.1454

     1

    0.1455

     1

    0.1457

     1

    0.1459

     1

    0.1461

     1

    0.1463

     1

    0.1465

     1

    0.1466

     1

    0.1468

     1

    0.1470

     1

    0.1472

     1

    0.1474

     1

    0.1475

     1

    0.1477

     1

    0.1479

     1

    0.1481

     1

    0.1483

     1

    0.1485

     1

    0.1486

     1

    0.1488

     1

    0.1490

     1

    0.1492

     1

    0.1494

     1

    0.1496

     1

    0.1497

     1

    0.1499

     1

    0.1501

     1

    0.1503

     1

    0.1505

     1

    0.1506

     1

    0.1508

     1

    0.1510

     1

    0.1512

     1

    0.1514

     1

    0.1516

     1

    0.1517

     1

    0.1519

     1

    0.1521

     1

    0.1523

     1

    0.1525

     1

    0.1526

     1

    0.1528

     1

    0.1530

     1

    0.1532

     1

    0.1534

     1

    0.1536

     1

    0.1537

     1

    0.1539

     1

    0.1541

     1

    0.1543

     1

    0.1545

     1

    0.1547

     1

    0.1548

     1

    0.1550

     1

    0.1552

     1

    0.1554

     1

    0.1556

     1

    0.1557

     1

    0.1559

     1

    0.1561

     1

    0.1563

     1

    0.1565

     1

    0.1567

     1

    0.1568

     1

    0.1570

     1

    0.1572

     1

    0.1574

     1

    0.1576

     1

    0.1578

     1

    0.1579

     1

    0.1581

     1

    0.1583

     1

    0.1585

     1

    0.1587

     1

    0.1588

     1

    0.1590

     1

    0.1592

     1

    0.1594

     1

    0.1596

     1

    0.1598

     1

    0.1599

     1

    0.1601

     1

    0.1603

     1

    0.1605

     1

    0.1607

     1

    0.1608

     1

    0.1610

     1

    0.1612

     1

    0.1614

     1

    0.1616

     1

    0.1618

     1

    0.1619

     1

    0.1621

     1

    0.1623

     1

    0.1625

     1

    0.1627

     1

    0.1629

     1

    0.1630

     1

    0.1632

     1

    0.1634

     1

    0.1636

     1

    0.1638

     1

    0.1639

     1

    0.1641

     1

    0.1643

     1

    0.1645

     1

    0.1647

     1

    0.1649

     1

    0.1650

     1

    0.1652

     1

    0.1654

     1

    0.1656

     1

    0.1658

     1

    0.1659

     1

    0.1661

     1

    0.1663

     1

    0.1665

     1

    0.1667

     1

    0.1669

     1

    0.1670

     1

    0.1672

     1

    0.1674

     1

    0.1676

     1

    0.1678

     1

    0.1680

     1

    0.1681

     1

    0.1683

     1

    0.1685

     1

    0.1687

     1

    0.1689

     1

    0.1690

     1

    0.1692

     1

    0.1694

     1

    0.1696

     1

    0.1698

     1

    0.1700

     1

    0.1701

     1

    0.1703

     1

    0.1705

     1

    0.1707

     1

    0.1709

     1

    0.1711

     1

    0.1712

     1

    0.1714

     1

    0.1716

     1

    0.1718

     1

    0.1720

     1

    0.1721

     1

    0.1723

     1

    0.1725

     1

    0.1727

     1

    0.1729

     1

    0.1731

     1

    0.1732

     1

    0.1734

     1

    0.1736

     1

    0.1738

     1

    0.1740

     1

    0.1741

     1

    0.1743

     1

    0.1745

     1

    0.1747

     1

    0.1749

     1

    0.1751

     1

    0.1752

     1

    0.1754

     1

    0.1756

     1

    0.1758

     1

    0.1760

     1

    0.1762

     1

    0.1763

     1

    0.1765

     1

    0.1767

     1

    0.1769

     1

    0.1771

     1

    0.1772

     1

    0.1774

     1

    0.1776

     1

    0.1778

     1

    0.1780

     1

    0.1782

     1

    0.1783

     1

    0.1785

     3

    0.1787

     3

    0.1788

     1

    0.1789

     1

    0.1790

     1

    0.1792

     1

    0.1793

     1

    0.1794

     1

    0.1795

     1

    0.1796

     1

    0.1797

     1

    0.1798

     1

    0.1799

     1

    0.1800

     1

    0.1801

     1

    0.1802

     1

    0.1803

     1

    0.1804

     1

    0.1805

     1

    0.1806

     1

    0.1808

     1

    0.1809

     1

    0.1810

     1

    0.1811

     1

    0.1812

     1

    0.1813

     1

    0.1814

     1

    0.1815

     1

    0.1816

     1

    0.1817

     1

    0.1818

     1

    0.1819

     1

    0.1820

     1

    0.1821

     1

    0.1822

     1

    0.1823

     1

    0.1825

     1

    0.1826

     1

    0.1827

     1

    0.1828

     1

    0.1829

     1

    0.1830

     1

    0.1831

     1

    0.1832

     1

    0.1833

     1

    0.1834

     1

    0.1835

     1

    0.1836

     1

    0.1837

     1

    0.1838

     1

    0.1839

     1

    0.1841

     1

    0.1842

     1

    0.1843

     1

    0.1844

     1

    0.1845

     1

    0.1846

     1

    0.1847

     1

    0.1848

     1

    0.1849

     1

    0.1850

     1

    0.1851

     1

    0.1852

     1

    0.1853

     1

    0.1854

     1

    0.1855

     1

    0.1856

     1

    0.1858

     1

    0.1859

     1

    0.1860

     1

    0.1861

     1

    0.1862

     1

    0.1863

     1

    0.1864

     1

    0.1865

     1

    0.1866

     1

    0.1867

     1

    0.1868

     1

    0.1869

     1

    0.1870

     1

    0.1871

     1

    0.1872

     1

    0.1874

     1

    0.1875

     1

    0.1876

     1

    0.1877

     1

    0.1878

     1

    0.1879

     1

    0.1880

     1

    0.1881

     1

    0.1882

     1

    0.1883

     1

    0.1884

     1

    0.1885

     1

    0.1886

     1

    0.1887

     1

    0.1888

     1

    0.1889

     1

    0.1891

     1

    0.1892

     1

    0.1893

     1

    0.1894

     1

    0.1895

     1

    0.1896

     1

    0.1897

     1

    0.1898

     1

    0.1899

     1

    0.1900

     1

    0.1901

     1

    0.1902

     1

    0.1903

     1

    0.1904

     1

    0.1905

     1

    0.1906

     1

    0.1908

     1

    0.1909

     1

    0.1910

     1

    0.1911

     1

    0.1912

     1

    0.1913

     1

    0.1914

     1

    0.1915

     1

    0.1916

     1

    0.1917

     1

    0.1918

     1

    0.1919

     1

    0.1920

     1

    0.1921

     1

    0.1922

     1

    0.1924

     1

    0.1925

     1

    0.1926

     1

    0.1927

     1

    0.1928

     1

    0.1929

     1

    0.1930

     1

    0.1931

     1

    0.1932

     1

    0.1933

     1

    0.1934

     1

    0.1935

     1

    0.1936

     1

    0.1937

     1

    0.1938

     1

    0.1939

     1

    0.1941

     1

    0.1942

     1

    0.1943

     1

    0.1944

     1

    0.1945

     1

    0.1946

     1

    0.1947

     1

    0.1948

     1

    0.1949

     1

    0.1950

     1

    0.1951

     1

    0.1952

     1

    0.1953

     1

    0.1954

     1

    0.1955

     1

    0.1957

     1

    0.1958

     1

    0.1959

     1

    0.1960

     1

    0.1961

     1

    0.1962

     1

    0.1963

     1

    0.1964

     1

    0.1965

     1

    0.1966

     1

    0.1967

     1

    0.1968

     1

    0.1969

     1

    0.1970

     1

    0.1971

     1

    0.1972

     1

    0.1974

     1

    0.1975

     1

    0.1976

     1

    0.1977

     1

    0.1978

     1

    0.1979

     1

    0.1980

     1

    0.1981

     1

    0.1982

     1

    0.1983

     1

    0.1984

     1

    0.1985

     1

    0.1986

     1

    0.1987

     1

    0.1988

     1

    0.1990

     1

    0.1991

     1

    0.1992

     1

    0.1993

     1

    0.1994

     1

    0.1995

     1

    0.1996

     1

    0.1997

     1

    0.1998

     1

    0.1999

     1

    0.2000

     1

    0.2001

     1

    0.2002

     1

    0.2003

     1

    0.2004

     1

    0.2005

     1

    0.2007

     1

    0.2008

     1

    0.2009

     1

    0.2011

     1

    0.2012

     1

    0.2014

     1

    0.2015

     1

    0.2017

     1

    0.2018

     1

    0.2020

     1

    0.2022

     1

    0.2023

     1

    0.2024

     1

    0.2025

     1

    0.2026

     1

    0.2027

     1

    0.2028

     1

    0.2029

     1

    0.2030

     1

    0.2031

     1

    0.2032

     1

    0.2033

     1

    0.2034

     1

    0.2035

     1

    0.2036

     1

    0.2037

     1

    0.2038

     1

    0.2039

     1

    0.2040

     1

    0.2041

     1

    0.2042

     1

    0.2043

     1

    0.2044

     1

    0.2045

     1

    0.2046

     1

    0.2047

     1

    0.2048

     1

    0.2049

     1

    0.2050

     1

    0.2051

     1

    0.2052

     1

    0.2053

     1

    0.2054

     1

    0.2055

     1

    0.2056

     1

    0.2057

     1

    0.2058

     1

    0.2060

     1

    0.2061

     1

    0.2062

     1

    0.2063

     1

    0.2064

     1

    0.2065

     1

    0.2066

     1

    0.2067

     1

    0.2068

     1

    0.2069

     1

    0.2070

     1

    0.2071

     1

    0.2072

     1

    0.2073

     1

    0.2074

     1

    0.2075

     1

    0.2076

     1

    0.2077

     1

    0.2078

     1

    0.2079

     1

    0.2080

     1

    0.2081

     1

    0.2082

     1

    0.2083

     1

    0.2084

     1

    0.2085

     1

    0.2086

     1

    0.2087

     1

    0.2088

     1

    0.2089

     1

    0.2090

     1

    0.2091

     1

    0.2092

     1

    0.2093

     1

    0.2094

     1

    0.2095

     1

    0.2096

     1

    0.2097

     1

    0.2098

     1

    0.2099

     1

    0.2100

     1

    0.2101

     1

    0.2102

     1

    0.2103

     1

    0.2104

     1

    0.2105

     1

    0.2106

     1

    0.2107

     1

    0.2108

     1

    0.2109

     1

    0.2110

     1

    0.2111

     1

    0.2112

     1

    0.2113

     1

    0.2114

     1

    0.2115

     1

    0.2116

     1

    0.2117

     1

    0.2118

     1

    0.2119

     1

    0.2120

     1

    0.2121

     1

    0.2122

     1

    0.2123

{エラー: <a href="matlab:matlab.internal.language.introspective.errorDocCallback('pause')" style="font-weight:bold">pause</a>
処理を終了しました

エラー: <a href="matlab:matlab.internal.language.introspective.errorDocCallback('HRdisp', 'C:\Users\issei\Desktop\2018_Hoppingrover\HRdisp.m', 65)" style="font-weight:bold">HRdisp</a> (<a href="matlab: opentoline('C:\Users\issei\Desktop\2018_Hoppingrover\HRdisp.m',65,0)">line 65</a>)
pause(0.01);

エラー: <a href="matlab:matlab.internal.language.introspective.errorDocCallback('HRmain', 'C:\Users\issei\Desktop\2018_Hoppingrover\HRmain.m', 59)" style="font-weight:bold">HRmain</a> (<a href="matlab: opentoline('C:\Users\issei\Desktop\2018_Hoppingrover\HRmain.m',59,0)">line 59</a>)
	  			HRdisp(ts,xs,posT);
} 
HRmain
