     6

     0

     3

   1.1190e-05

     3

   4.5322e-05

     3

   1.0266e-04

     3

   1.8316e-04

     3

   2.8678e-04

     3

   4.1345e-04

     3

   5.6309e-04

     3

   7.3560e-04

     3

   9.3085e-04

     3

    0.0011

     3

    0.0014

     1

    0.0016

     1

    0.0019

     1

    0.0021

     1

    0.0024

     1

    0.0027

     1

    0.0029

     1

    0.0032

     1

    0.0034

     1

    0.0037

     1

    0.0039

     1

    0.0042

     1

    0.0044

     1

    0.0047

     1

    0.0049

     1

    0.0052

     1

    0.0054

     1

    0.0057

     1

    0.0059

     1

    0.0062

     1

    0.0064

     1

    0.0067

     1

    0.0069

     1

    0.0072

     1

    0.0074

     1

    0.0077

     1

    0.0080

     1

    0.0082

     1

    0.0085

     1

    0.0087

     1

    0.0090

     1

    0.0092

     1

    0.0095

     1

    0.0097

     1

    0.0100

     1

    0.0102

     1

    0.0105

     1

    0.0107

     1

    0.0110

     1

    0.0112

     1

    0.0115

     1

    0.0117

     1

    0.0120

     1

    0.0122

     1

    0.0125

     1

    0.0128

     1

    0.0130

     1

    0.0133

     1

    0.0135

     1

    0.0138

     1

    0.0140

     1

    0.0143

     1

    0.0145

     1

    0.0148

     1

    0.0150

     1

    0.0153

     1

    0.0155

     1

    0.0158

     1

    0.0160

     1

    0.0163

     1

    0.0165

     1

    0.0168

     1

    0.0170

     1

    0.0173

     1

    0.0176

     1

    0.0178

     1

    0.0181

     1

    0.0183

     1

    0.0186

     1

    0.0188

     1

    0.0191

     1

    0.0193

     1

    0.0196

     1

    0.0198

     1

    0.0201

     1

    0.0203

     1

    0.0206

     1

    0.0208

     1

    0.0211

     1

    0.0213

     1

    0.0216

     1

    0.0218

     1

    0.0221

     1

    0.0223

     1

    0.0226

     1

    0.0229

     1

    0.0231

     1

    0.0234

     1

    0.0236

     1

    0.0239

     1

    0.0241

     1

    0.0244

     1

    0.0246

     1

    0.0249

     1

    0.0251

     1

    0.0254

     1

    0.0256

     1

    0.0259

     1

    0.0261

     1

    0.0264

     1

    0.0266

     1

    0.0269

     1

    0.0271

     1

    0.0274

     1

    0.0277

     1

    0.0279

     1

    0.0282

     1

    0.0284

     1

    0.0287

     1

    0.0289

     1

    0.0292

     1

    0.0294

     1

    0.0297

     1

    0.0299

     1

    0.0302

     1

    0.0304

     1

    0.0307

     1

    0.0309

     1

    0.0312

     1

    0.0314

     1

    0.0317

     1

    0.0319

     1

    0.0322

     1

    0.0325

     1

    0.0327

     1

    0.0330

     1

    0.0332

     1

    0.0335

     1

    0.0337

     1

    0.0340

     1

    0.0342

     1

    0.0345

     1

    0.0347

     1

    0.0350

     1

    0.0352

     1

    0.0355

     1

    0.0357

     1

    0.0360

     1

    0.0362

     1

    0.0365

     1

    0.0367

     1

    0.0370

     1

    0.0372

     1

    0.0375

     1

    0.0378

     1

    0.0380

     1

    0.0383

     1

    0.0385

     1

    0.0388

     1

    0.0390

     1

    0.0393

     1

    0.0395

     1

    0.0398

     1

    0.0400

     1

    0.0403

     1

    0.0405

     1

    0.0408

     1

    0.0410

     1

    0.0413

     1

    0.0415

     1

    0.0418

     1

    0.0420

     1

    0.0423

     1

    0.0426

     1

    0.0428

     1

    0.0431

     1

    0.0433

     1

    0.0436

     1

    0.0438

     1

    0.0441

     1

    0.0443

     1

    0.0446

     1

    0.0448

     1

    0.0451

     1

    0.0453

     1

    0.0456

     1

    0.0458

     1

    0.0461

     1

    0.0463

     1

    0.0466

     1

    0.0468

     1

    0.0471

     1

    0.0473

     1

    0.0476

     1

    0.0479

     1

    0.0481

     1

    0.0484

     1

    0.0486

     1

    0.0489

     1

    0.0491

     1

    0.0494

     1

    0.0496

     1

    0.0499

     1

    0.0501

     1

    0.0504

     1

    0.0506

     1

    0.0509

     1

    0.0511

     1

    0.0514

     1

    0.0516

     1

    0.0519

     1

    0.0521

     1

    0.0524

     1

    0.0527

     1

    0.0529

     1

    0.0532

     1

    0.0534

     1

    0.0537

     1

    0.0539

     1

    0.0542

     1

    0.0544

     1

    0.0547

     1

    0.0549

     1

    0.0552

     1

    0.0554

     1

    0.0557

     1

    0.0559

     1

    0.0562

     1

    0.0564

     1

    0.0567

     1

    0.0569

     1

    0.0572

     1

    0.0575

     1

    0.0577

     1

    0.0580

     1

    0.0582

     1

    0.0585

     1

    0.0587

     1

    0.0590

     1

    0.0592

     1

    0.0595

     1

    0.0597

     1

    0.0600

     1

    0.0602

     1

    0.0605

     1

    0.0607

     1

    0.0610

     1

    0.0612

     1

    0.0615

     1

    0.0617

     1

    0.0620

     1

    0.0622

     1

    0.0625

     1

    0.0628

     1

    0.0630

     1

    0.0633

     1

    0.0635

     1

    0.0638

     1

    0.0640

     1

    0.0643

     1

    0.0645

     1

    0.0648

     1

    0.0650

     1

    0.0653

     1

    0.0655

     1

    0.0658

     1

    0.0660

     1

    0.0663

     1

    0.0665

     1

    0.0668

     1

    0.0670

     1

    0.0673

     1

    0.0676

     1

    0.0678

     1

    0.0681

     1

    0.0683

     1

    0.0686

     1

    0.0688

     1

    0.0691

     1

    0.0693

     1

    0.0696

     1

    0.0698

     1

    0.0701

     1

    0.0703

     1

    0.0706

     1

    0.0708

     1

    0.0711

     1

    0.0713

     1

    0.0716

     1

    0.0718

     1

    0.0721

     1

    0.0723

     1

    0.0726

     1

    0.0729

     1

    0.0731

     1

    0.0734

     1

    0.0736

     1

    0.0739

     1

    0.0741

     1

    0.0744

     1

    0.0746

     1

    0.0749

     1

    0.0751

     1

    0.0754

     1

    0.0756

     1

    0.0759

     1

    0.0761

     1

    0.0764

     1

    0.0766

     1

    0.0769

     1

    0.0771

     1

    0.0774

     1

    0.0777

     1

    0.0779

     1

    0.0782

     1

    0.0784

     1

    0.0787

     1

    0.0789

     1

    0.0792

     1

    0.0794

     1

    0.0797

     1

    0.0799

     1

    0.0802

     1

    0.0804

     1

    0.0807

     1

    0.0809

     1

    0.0812

     1

    0.0814

     1

    0.0817

     1

    0.0819

     1

    0.0822

     1

    0.0825

     1

    0.0827

     1

    0.0830

     1

    0.0832

     1

    0.0835

     1

    0.0837

     1

    0.0840

     1

    0.0842

     1

    0.0845

     1

    0.0847

     1

    0.0850

     1

    0.0852

     1

    0.0855

     1

    0.0857

     1

    0.0860

     1

    0.0862

     1

    0.0865

     1

    0.0867

     1

    0.0870

     1

    0.0872

     1

    0.0875

     1

    0.0878

     1

    0.0880

     1

    0.0883

     1

    0.0885

     1

    0.0888

     1

    0.0890

     1

    0.0893

     1

    0.0895

     1

    0.0898

     1

    0.0900

     1

    0.0903

     1

    0.0905

     1

    0.0908

     1

    0.0910

     1

    0.0913

     1

    0.0915

     1

    0.0918

     1

    0.0920

     1

    0.0923

     1

    0.0926

     1

    0.0928

     1

    0.0931

     1

    0.0933

     1

    0.0936

     1

    0.0938

     1

    0.0941

     1

    0.0943

     1

    0.0946

     1

    0.0948

     1

    0.0951

     1

    0.0953

     1

    0.0956

     1

    0.0958

     1

    0.0961

     1

    0.0963

     1

    0.0966

     1

    0.0968

     1

    0.0971

     1

    0.0974

     1

    0.0976

     1

    0.0979

     1

    0.0981

     1

    0.0984

     1

    0.0986

     1

    0.0989

     1

    0.0991

     1

    0.0994

     1

    0.0996

     1

    0.0999

     1

    0.1001

     1

    0.1004

     1

    0.1006

     1

    0.1009

     1

    0.1011

     1

    0.1014

     1

    0.1016

     1

    0.1019

     1

    0.1021

     1

    0.1024

     1

    0.1027

     1

    0.1029

     1

    0.1032

     1

    0.1034

     1

    0.1037

     1

    0.1039

     1

    0.1042

     1

    0.1044

     1

    0.1047

     1

    0.1049

     1

    0.1052

     1

    0.1054

     1

    0.1057

     1

    0.1059

     1

    0.1062

     1

    0.1064

     1

    0.1067

     1

    0.1069

     1

    0.1072

     1

    0.1075

     1

    0.1077

     1

    0.1080

     1

    0.1082

     1

    0.1085

     1

    0.1087

     1

    0.1090

     1

    0.1092

     1

    0.1095

     1

    0.1097

     1

    0.1100

     1

    0.1102

     1

    0.1105

     1

    0.1107

     1

    0.1110

     1

    0.1112

     1

    0.1115

     1

    0.1117

     1

    0.1120

     1

    0.1122

     1

    0.1125

     1

    0.1128

     1

    0.1130

     1

    0.1133

     1

    0.1135

     1

    0.1138

     1

    0.1140

     1

    0.1143

     1

    0.1145

     1

    0.1148

     1

    0.1150

     1

    0.1153

     1

    0.1155

     1

    0.1158

     1

    0.1160

     1

    0.1163

     1

    0.1165

     1

    0.1168

     1

    0.1170

     1

    0.1173

     1

    0.1176

     1

    0.1178

     1

    0.1181

     1

    0.1183

     1

    0.1186

     1

    0.1188

     1

    0.1191

     1

    0.1193

     1

    0.1196

     1

    0.1198

     1

    0.1201

     1

    0.1203

     1

    0.1206

     1

    0.1208

     1

    0.1211

     1

    0.1213

     1

    0.1216

     1

    0.1218

     1

    0.1221

     1

    0.1224

     1

    0.1226

     1

    0.1229

     1

    0.1231

     1

    0.1234

     1

    0.1236

     1

    0.1239

     1

    0.1241

     1

    0.1244

     1

    0.1246

     1

    0.1249

     1

    0.1251

     1

    0.1254

     1

    0.1256

     1

    0.1259

     1

    0.1261

     1

    0.1264

     1

    0.1266

     1

    0.1269

     1

    0.1271

     1

    0.1274

     1

    0.1277

     1

    0.1279

     1

    0.1282

     1

    0.1284

     1

    0.1287

     1

    0.1289

     1

    0.1292

     1

    0.1294

     1

    0.1297

     1

    0.1299

     1

    0.1302

     1

    0.1304

     1

    0.1307

     1

    0.1309

     1

    0.1312

     1

    0.1314

     1

    0.1317

     1

    0.1319

     1

    0.1322

     1

    0.1325

     1

    0.1327

     1

    0.1330

     1

    0.1332

     1

    0.1335

     1

    0.1337

     1

    0.1340

     1

    0.1342

     1

    0.1345

     1

    0.1347

     1

    0.1350

     1

    0.1352

     1

    0.1355

     1

    0.1357

     1

    0.1360

     1

    0.1362

     1

    0.1365

     1

    0.1367

     1

    0.1370

     1

    0.1372

     1

    0.1375

     1

    0.1378

     1

    0.1380

     1

    0.1383

     1

    0.1385

     1

    0.1388

     1

    0.1390

     1

    0.1393

     1

    0.1395

     1

    0.1398

     1

    0.1400

     1

    0.1403

     1

    0.1405

     1

    0.1408

     1

    0.1410

     1

    0.1413

     1

    0.1415

     1

    0.1418

     1

    0.1420

     1

    0.1423

     1

    0.1426

     1

    0.1428

     1

    0.1431

     1

    0.1433

     1

    0.1436

     1

    0.1438

     1

    0.1441

     1

    0.1443

     1

    0.1446

     1

    0.1448

     1

    0.1451

     1

    0.1453

     1

    0.1456

     1

    0.1458

     1

    0.1461

     1

    0.1463

     1

    0.1466

     1

    0.1468

     1

    0.1471

     1

    0.1474

     1

    0.1476

     1

    0.1479

     1

    0.1481

     1

    0.1484

     1

    0.1486

     1

    0.1489

     1

    0.1491

     1

    0.1494

     1

    0.1496

     1

    0.1499

     1

    0.1501

     1

    0.1504

     1

    0.1506

     1

    0.1509

     1

    0.1511

     1

    0.1514

     1

    0.1516

     1

    0.1519

     1

    0.1521

     1

    0.1524

     1

    0.1527

     1

    0.1529

     1

    0.1532

     1

    0.1534

     1

    0.1537

     1

    0.1539

     1

    0.1542

     1

    0.1544

     1

    0.1547

     1

    0.1549

     1

    0.1552

     1

    0.1554

     1

    0.1557

     1

    0.1559

     1

    0.1562

     1

    0.1564

     1

    0.1567

     1

    0.1569

     1

    0.1572

     1

    0.1575

     1

    0.1577

     1

    0.1580

     1

    0.1582

     1

    0.1585

     1

    0.1587

     1

    0.1590

     1

    0.1592

     1

    0.1595

     1

    0.1597

     1

    0.1600

     1

    0.1602

     1

    0.1605

     1

    0.1607

     1

    0.1610

     1

    0.1612

     1

    0.1615

     1

    0.1617

     1

    0.1620

     1

    0.1623

     1

    0.1625

     1

    0.1628

     1

    0.1630

     1

    0.1633

     1

    0.1635

     1

    0.1638

     1

    0.1640

     1

    0.1643

     1

    0.1645

     1

    0.1648

     1

    0.1650

     1

    0.1653

     1

    0.1655

     1

    0.1658

     1

    0.1660

     1

    0.1663

     1

    0.1665

     1

    0.1668

     1

    0.1670

     1

    0.1673

     1

    0.1676

     1

    0.1678

     1

    0.1681

     1

    0.1683

     1

    0.1686

     1

    0.1688

     1

    0.1691

     1

    0.1693

     1

    0.1696

     1

    0.1698

     1

    0.1701

     1

    0.1703

     1

    0.1706

     1

    0.1708

     1

    0.1711

     1

    0.1713

     1

    0.1716

     1

    0.1718

     1

    0.1721

     1

    0.1724

     1

    0.1726

     1

    0.1729

     1

    0.1731

     1

    0.1734

     1

    0.1736

     1

    0.1739

     1

    0.1741

     1

    0.1744

     1

    0.1746

     1

    0.1749

     1

    0.1751

     1

    0.1754

     1

    0.1756

     1

    0.1759

     1

    0.1761

     1

    0.1764

     1

    0.1766

     1

    0.1769

     1

    0.1771

     1

    0.1774

     1

    0.1777

     1

    0.1779

     1

    0.1782

     1

    0.1784

     1

    0.1787

     1

    0.1789

     1

    0.1792

     1

    0.1794

     1

    0.1797

     1

    0.1799

     1

    0.1802

     1

    0.1804

     1

    0.1807

     1

    0.1809

     1

    0.1812

     1

    0.1814

     1

    0.1817

     1

    0.1819

     1

    0.1822

     1

    0.1825

     1

    0.1827

     1

    0.1830

     1

    0.1832

     1

    0.1835

     1

    0.1837

     1

    0.1840

     1

    0.1842

     1

    0.1845

     1

    0.1847

     1

    0.1850

     1

    0.1852

     1

    0.1855

     1

    0.1857

     1

    0.1860

     1

    0.1862

     1

    0.1865

     1

    0.1867

     1

    0.1870

     1

    0.1873

     1

    0.1875

     1

    0.1878

     1

    0.1880

     1

    0.1883

     1

    0.1885

     1

    0.1888

     1

    0.1890

     1

    0.1893

     1

    0.1895

     1

    0.1898

     1

    0.1900

     1

    0.1903

     1

    0.1905

     1

    0.1908

     1

    0.1910

     1

    0.1913

     1

    0.1915

     1

    0.1918

     1

    0.1920

     1

    0.1923

     1

    0.1926

     1

    0.1928

     1

    0.1931

     1

    0.1933

     1

    0.1936

     1

    0.1938

     1

    0.1941

     1

    0.1943

     1

    0.1946

     1

    0.1948

     1

    0.1951

     1

    0.1953

     1

    0.1956

     1

    0.1958

     1

    0.1961

     1

    0.1963

     1

    0.1966

     1

    0.1968

     1

    0.1971

     1

    0.1974

     1

    0.1976

     1

    0.1979

     1

    0.1981

     1

    0.1984

     1

    0.1986

     1

    0.1989

     1

    0.1991

     1

    0.1994

     1

    0.1996

     1

    0.1999

     1

    0.2001

     1

    0.2004

     1

    0.2006

     1

    0.2009

     1

    0.2011

     1

    0.2014

     1

    0.2016

     1

    0.2019

     1

    0.2021

     1

    0.2024

     1

    0.2027

     1

    0.2029

     1

    0.2032

     1

    0.2034

     1

    0.2037

     1

    0.2039

     1

    0.2042

     1

    0.2044

     1

    0.2047

     1

    0.2049

     1

    0.2052

     1

    0.2054

     1

    0.2057

     1

    0.2059

     1

    0.2062

     1

    0.2064

     1

    0.2067

     1

    0.2069

     1

    0.2072

     1

    0.2075

     1

    0.2077

     1

    0.2080

     1

    0.2082

     1

    0.2085

     1

    0.2087

     1

    0.2090

     1

    0.2092

     1

    0.2095

     1

    0.2097

     1

    0.2100

     1

    0.2102

     1

    0.2105

     1

    0.2107

     1

    0.2110

     1

    0.2112

     1

    0.2115

     1

    0.2117

     1

    0.2120

     1

    0.2123

     1

    0.2125

     1

    0.2128

     1

    0.2130

     1

    0.2133

     1

    0.2135

     1

    0.2138

     1

    0.2140

     1

    0.2143

     1

    0.2145

     1

    0.2148

     1

    0.2150

     1

    0.2153

     1

    0.2155

     1

    0.2158

     1

    0.2160

     1

    0.2163

     1

    0.2165

     1

    0.2168

     1

    0.2170

     1

    0.2173

     1

    0.2176

     1

    0.2178

     1

    0.2181

     1

    0.2183

     1

    0.2186

     1

    0.2188

     1

    0.2191

     1

    0.2193

     1

    0.2196

     1

    0.2198

     1

    0.2201

     1

    0.2203

     1

    0.2206

     1

    0.2208

     1

    0.2211

     1

    0.2213

     1

    0.2216

     1

    0.2218

     1

    0.2221

     1

    0.2224

     1

    0.2226

     1

    0.2229

     1

    0.2231

     1

    0.2234

     1

    0.2236

     1

    0.2239

     1

    0.2241

     1

    0.2244

     1

    0.2246

     1

    0.2249

     1

    0.2251

     1

    0.2254

     1

    0.2256

     1

    0.2259

     1

    0.2261

     1

    0.2264

     1

    0.2266

     1

    0.2269

     1

    0.2272

     1

    0.2274

     1

    0.2277

     1

    0.2279

     1

    0.2282

     1

    0.2284

     1

    0.2287

     1

    0.2289

     1

    0.2292

     1

    0.2294

     1

    0.2297

     1

    0.2299

     1

    0.2302

     1

    0.2304

     1

    0.2307

     1

    0.2309

     1

    0.2312

     1

    0.2314

     1

    0.2317

     1

    0.2319

     1

    0.2322

     1

    0.2325

     1

    0.2327

     1

    0.2330

     1

    0.2332

     1

    0.2335

     1

    0.2337

     1

    0.2340

     1

    0.2342

     1

    0.2345

     1

    0.2347

     1

    0.2350

     1

    0.2352

     1

    0.2355

     1

    0.2357

     1

    0.2360

     1

    0.2362

     1

    0.2365

     1

    0.2367

     1

    0.2370

     1

    0.2373

     1

    0.2375

     1

    0.2378

     1

    0.2380

     1

    0.2383

     1

    0.2385

     1

    0.2388

     1

    0.2390

     1

    0.2393

     1

    0.2395

     1

    0.2398

     1

    0.2400

     1

    0.2403

     1

    0.2405

     1

    0.2408

     1

    0.2410

     1

    0.2413

     1

    0.2415

     1

    0.2418

     1

    0.2420

     1

    0.2423

     1

    0.2426

     1

    0.2428

     1

    0.2431

     1

    0.2433

     1

    0.2436

     1

    0.2438

     1

    0.2441

     1

    0.2443

     1

    0.2446

     1

    0.2448

     1

    0.2451

     1

    0.2453

     1

    0.2456

     1

    0.2458

     1

    0.2461

     1

    0.2463

     1

    0.2466

     1

    0.2468

     1

    0.2471

     1

    0.2474

     1

    0.2476

     1

    0.2479

     1

    0.2481

     1

    0.2484

     1

    0.2486

     1

    0.2489

     1

    0.2491

     1

    0.2494

     1

    0.2496

     1

    0.2499

     1

    0.2501

     1

    0.2504

     1

    0.2506

     1

    0.2509

     1

    0.2511

     1

    0.2514

     1

    0.2516

     1

    0.2519

     1

    0.2522

     1

    0.2524

     1

    0.2527

     1

    0.2529

     1

    0.2532

     1

    0.2534

     1

    0.2537

     1

    0.2539

     1

    0.2542

     1

    0.2544

     1

    0.2547

     1

    0.2549

     1

    0.2552

     1

    0.2554

     1

    0.2557

     3

    0.2559

     1

    0.2558

     1

    0.2557

     1

    0.2556

     3

    0.2555

     3

    0.2554

     3

    0.2553

     1

    0.2552

     1

    0.2551

     1

    0.2550

     1

    0.2549

     1

    0.2548

     1

    0.2547

     1

    0.2546

     1

    0.2545

     1

    0.2544

     1

    0.2543

     1

    0.2542

     1

    0.2541

     1

    0.2540

     1

    0.2539

     1

    0.2538

     1

    0.2537

     1

    0.2536

     1

    0.2535

     1

    0.2534

     1

    0.2533

     1

    0.2532

     1

    0.2531

     1

    0.2530

     1

    0.2529

     1

    0.2528

     1

    0.2527

     1

    0.2526

     1

    0.2525

     1

    0.2524

     1

    0.2523

     1

    0.2522

     1

    0.2521

     1

    0.2520

     1

    0.2519

     1

    0.2518

     1

    0.2517

     1

    0.2516

     1

    0.2515

     1

    0.2514

     1

    0.2513

     1

    0.2512

     1

    0.2511

     1

    0.2510

     1

    0.2509

     1

    0.2508

     1

    0.2507

     1

    0.2506

     1

    0.2505

     1

    0.2504

     1

    0.2503

     1

    0.2502

     1

    0.2501

     1

    0.2500

     1

    0.2499

     1

    0.2498

     1

    0.2497

     1

    0.2496

     1

    0.2495

     1

    0.2494

     1

    0.2493

     1

    0.2492

     1

    0.2491

     1

    0.2490

     1

    0.2489

     1

    0.2488

     1

    0.2487

     1

    0.2486

     1

    0.2485

     1

    0.2484

     1

    0.2483

     1

    0.2482

     1

    0.2481

     1

    0.2480

     1

    0.2479

     1

    0.2478

     1

    0.2477

     1

    0.2476

     1

    0.2475

     1

    0.2474

     1

    0.2473

     1

    0.2472

     1

    0.2471

     1

    0.2470

     1

    0.2469

     1

    0.2468

     1

    0.2467

     1

    0.2466

     1

    0.2465

     1

    0.2464

     1

    0.2463

     1

    0.2462

     1

    0.2461

     1

    0.2460

     1

    0.2459

     1

    0.2458

     1

    0.2457

     1

    0.2456

     1

    0.2454

     1

    0.2453

     1

    0.2452

     1

    0.2451

     1

    0.2450

     1

    0.2449

     1

    0.2448

     1

    0.2447

     1

    0.2446

     1

    0.2445

     1

    0.2444

     1

    0.2443

     1

    0.2442

     1

    0.2441

     1

    0.2440

     1

    0.2439

     1

    0.2438

     1

    0.2437

     1

    0.2436

     1

    0.2435

     1

    0.2434

     1

    0.2433

     1

    0.2432

     1

    0.2431

     1

    0.2430

     1

    0.2429

     1

    0.2428

     1

    0.2427

     1

    0.2426

     1

    0.2425

     1

    0.2424

     1

    0.2423

     1

    0.2422

     1

    0.2421

     1

    0.2420

     1

    0.2419

     1

    0.2418

     1

    0.2417

     1

    0.2416

     1

    0.2415

     1

    0.2414

     1

    0.2413

     1

    0.2412

     1

    0.2411

     1

    0.2410

     1

    0.2409

     1

    0.2408

     1

    0.2407

     1

    0.2406

     1

    0.2405

     1

    0.2404

     1

    0.2403

     1

    0.2402

     1

    0.2401

     1

    0.2400

     1

    0.2399

     1

    0.2398

     1

    0.2397

     1

    0.2396

     1

    0.2395

     1

    0.2394

     1

    0.2393

     1

    0.2392

     1

    0.2391

     1

    0.2390

     1

    0.2389

     1

    0.2388

     1

    0.2387

     1

    0.2386

     1

    0.2385

     1

    0.2384

     1

    0.2383

     1

    0.2382

     1

    0.2381

     1

    0.2380

     1

    0.2379

     1

    0.2378

     1

    0.2377

     1

    0.2376

     1

    0.2375

     1

    0.2374

     1

    0.2373

     1

    0.2372

     1

    0.2371

     1

    0.2370

     1

    0.2369

     1

    0.2368

     1

    0.2367

     1

    0.2366

     1

    0.2365

     1

    0.2364

     1

    0.2363

     1

    0.2362

     1

    0.2361

     1

    0.2360

     1

    0.2359

     1

    0.2358

     1

    0.2357

     1

    0.2356

     1

    0.2355

     1

    0.2354

     1

    0.2353

     1

    0.2352

     1

    0.2351

     1

    0.2350

     1

    0.2349

     1

    0.2348

     1

    0.2347

     1

    0.2346

     1

    0.2345

     1

    0.2344

     1

    0.2343

     1

    0.2342

     1

    0.2341

     1

    0.2340

     1

    0.2339

     1

    0.2338

     1

    0.2337

     1

    0.2336

     1

    0.2335

     1

    0.2334

     1

    0.2333

     1

    0.2332

     1

    0.2331

     1

    0.2330

     1

    0.2329

     1

    0.2328

     1

    0.2327

     1

    0.2326

     1

    0.2325

     1

    0.2324

     1

    0.2323

     1

    0.2322

     1

    0.2321

     1

    0.2320

     1

    0.2319

     1

    0.2318

     1

    0.2317

     1

    0.2316

     1

    0.2315

     1

    0.2314

     1

    0.2313

     1

    0.2312

     1

    0.2311

     1

    0.2310

     1

    0.2309

     1

    0.2308

     1

    0.2307

     1

    0.2306

     1

    0.2305

     1

    0.2304

     1

    0.2303

     1

    0.2302

     1

    0.2301

     1

    0.2300

     1

    0.2299

     1

    0.2298

     1

    0.2297

     1

    0.2296

     1

    0.2295

     1

    0.2294

     1

    0.2293

     1

    0.2292

     1

    0.2291

     1

    0.2290

     1

    0.2289

     1

    0.2288

     1

    0.2287

     1

    0.2286

     1

    0.2285

     1

    0.2284

     1

    0.2283

     1

    0.2282

     1

    0.2281

     1

    0.2280

     1

    0.2279

     1

    0.2278

     1

    0.2277

     1

    0.2276

     1

    0.2275

     1

    0.2274

     1

    0.2273

     1

    0.2272

     1

    0.2271

     1

    0.2270

     1

    0.2269

     1

    0.2268

     1

    0.2267

     1

    0.2266

     1

    0.2265

     1

    0.2264

     1

    0.2263

     1

    0.2262

     1

    0.2261

     1

    0.2260

     1

    0.2259

     1

    0.2258

     1

    0.2257

     1

    0.2256

     1

    0.2255

     1

    0.2254

     1

    0.2253

     1

    0.2252

     1

    0.2251

     1

    0.2250

     1

    0.2249

     1

    0.2248

     1

    0.2247

     1

    0.2246

     1

    0.2245

     1

    0.2244

     1

    0.2243

     1

    0.2242

     1

    0.2241

     1

    0.2240

     1

    0.2239

     1

    0.2238

     1

    0.2237

     1

    0.2236

     1

    0.2235

     1

    0.2234

     1

    0.2233

     1

    0.2232

     1

    0.2231

     1

    0.2230

     1

    0.2229

     1

    0.2228

     1

    0.2227

     1

    0.2226

     1

    0.2225

     1

    0.2224

     1

    0.2223

     1

    0.2222

     1

    0.2221

     1

    0.2220

     1

    0.2219

     1

    0.2218

     1

    0.2217

     1

    0.2216

     1

    0.2215

     1

    0.2214

     1

    0.2213

     1

    0.2212

     1

    0.2211

     1

    0.2210

     1

    0.2209

     1

    0.2208

     1

    0.2207

     1

    0.2206

     1

    0.2205

     1

    0.2204

     1

    0.2203

     1

    0.2202

     1

    0.2201

     1

    0.2200

     1

    0.2199

     1

    0.2198

     1

    0.2197

     1

    0.2196

     1

    0.2195

     1

    0.2194

     1

    0.2193

     1

    0.2192

     1

    0.2191

     1

    0.2190

     1

    0.2189

     1

    0.2188

     1

    0.2187

     1

    0.2186

     1

    0.2185

     1

    0.2184

     1

    0.2183

     1

    0.2182

     1

    0.2181

     1

    0.2180

     1

    0.2179

     1

    0.2178

     1

    0.2177

     1

    0.2176

     1

    0.2175

     1

    0.2174

     1

    0.2173

     1

    0.2172

     1

    0.2171

     1

    0.2170

     1

    0.2169

     1

    0.2168

     1

    0.2167

     1

    0.2166

     1

    0.2165

     1

    0.2164

     1

    0.2163

     1

    0.2162

     1

    0.2161

     1

    0.2160

     1

    0.2159

     1

    0.2158

     1

    0.2157

     1

    0.2156

     1

    0.2155

     1

    0.2154

     1

    0.2153

     1

    0.2152

     1

    0.2151

     1

    0.2150

     1

    0.2149

     1

    0.2148

     1

    0.2147

     1

    0.2146

     1

    0.2145

     1

    0.2144

     1

    0.2143

     1

    0.2142

     1

    0.2141

     1

    0.2140

     1

    0.2139

     1

    0.2138

     1

    0.2137

     1

    0.2136

     1

    0.2135

     1

    0.2134

     1

    0.2133

     1

    0.2132

     1

    0.2131

     1

    0.2130

     1

    0.2129

     1

    0.2128

     1

    0.2127

     1

    0.2126

     1

    0.2125

     1

    0.2124

     1

    0.2123

     1

    0.2122

     1

    0.2121

     1

    0.2120

     1

    0.2119

     1

    0.2118

     1

    0.2117

     1

    0.2116

     1

    0.2115

     1

    0.2114

     1

    0.2113

     1

    0.2112

     1

    0.2111

     1

    0.2110

     1

    0.2109

     1

    0.2108

     1

    0.2107

     1

    0.2106

     1

    0.2105

     1

    0.2104

     1

    0.2103

     1

    0.2102

     1

    0.2101

     1

    0.2100

     1

    0.2099

     1

    0.2098

     1

    0.2097

     1

    0.2096

     1

    0.2095

     1

    0.2094

     1

    0.2093

     1

    0.2092

     1

    0.2091

     1

    0.2090

     1

    0.2089

     1

    0.2088

     1

    0.2087

     1

    0.2086

     1

    0.2085

     1

    0.2084

     1

    0.2083

     1

    0.2082

     1

    0.2081

     1

    0.2080

     1

    0.2079

     1

    0.2078

     1

    0.2077

{エラー: <a href="matlab:matlab.internal.language.introspective.errorDocCallback('pause')" style="font-weight:bold">pause</a>
処理を終了しました

エラー: <a href="matlab:matlab.internal.language.introspective.errorDocCallback('HRdisp', 'C:\Users\issei\Desktop\2018_Hoppingrover\HRdisp.m', 65)" style="font-weight:bold">HRdisp</a> (<a href="matlab: opentoline('C:\Users\issei\Desktop\2018_Hoppingrover\HRdisp.m',65,0)">line 65</a>)
pause(0.01);

エラー: <a href="matlab:matlab.internal.language.introspective.errorDocCallback('HRmain', 'C:\Users\issei\Desktop\2018_Hoppingrover\HRmain.m', 59)" style="font-weight:bold">HRmain</a> (<a href="matlab: opentoline('C:\Users\issei\Desktop\2018_Hoppingrover\HRmain.m',59,0)">line 59</a>)
	  			HRdisp(ts,xs,posT);
} 
HRmain
