     6

     0

     3

   2.2134e-06

     3

   9.1208e-06

     3

   2.0793e-05

     3

   3.7230e-05

     3

   5.8429e-05

     3

   8.4389e-05

     3

   1.1511e-04

     3

   1.5058e-04

     3

   1.9080e-04

     3

   2.3577e-04

     3

   2.8548e-04

     3

   3.3993e-04

     3

   3.9910e-04

     3

   4.6301e-04

     3

   5.3162e-04

     3

   6.0495e-04

     3

   6.8298e-04

     3

   7.6570e-04

     3

   8.5309e-04

     3

   9.4516e-04

     3

    0.0010

     3

    0.0011

     3

    0.0012

     3

    0.0014

     3

    0.0015

     3

    0.0016

     3

    0.0017

     3

    0.0018

     3

    0.0020

     3

    0.0021

     3

    0.0023

     3

    0.0024

     3

    0.0026

     3

    0.0027

     3

    0.0029

     1

    0.0030

     1

    0.0032

     1

    0.0034

     1

    0.0035

     1

    0.0037

     1

    0.0039

     1

    0.0040

     1

    0.0042

     1

    0.0043

     1

    0.0045

     1

    0.0047

     1

    0.0048

     1

    0.0050

     1

    0.0052

     1

    0.0053

     1

    0.0055

     1

    0.0056

     1

    0.0058

     1

    0.0060

     1

    0.0061

     1

    0.0063

     1

    0.0065

     1

    0.0066

     1

    0.0068

     1

    0.0069

     1

    0.0071

     1

    0.0073

     1

    0.0074

     1

    0.0076

     1

    0.0077

     1

    0.0079

     1

    0.0081

     1

    0.0082

     1

    0.0084

     1

    0.0086

     1

    0.0087

     1

    0.0089

     1

    0.0090

     1

    0.0092

     1

    0.0094

     1

    0.0095

     1

    0.0097

     1

    0.0099

     1

    0.0100

     1

    0.0102

     1

    0.0103

     1

    0.0105

     1

    0.0107

     1

    0.0108

     1

    0.0110

     1

    0.0112

     1

    0.0113

     1

    0.0115

     1

    0.0116

     1

    0.0118

     1

    0.0120

     1

    0.0121

     1

    0.0123

     1

    0.0125

     1

    0.0126

     1

    0.0128

     1

    0.0129

     1

    0.0131

     1

    0.0133

     1

    0.0134

     1

    0.0136

     1

    0.0138

     1

    0.0139

     1

    0.0141

     1

    0.0142

     1

    0.0144

     1

    0.0146

     1

    0.0147

     1

    0.0149

     1

    0.0151

     1

    0.0152

     1

    0.0154

     1

    0.0155

     1

    0.0157

     1

    0.0159

     1

    0.0160

     1

    0.0162

     1

    0.0164

     1

    0.0165

     1

    0.0167

     1

    0.0168

     1

    0.0170

     1

    0.0172

     1

    0.0173

     1

    0.0175

     1

    0.0177

     1

    0.0178

     1

    0.0180

     1

    0.0181

     1

    0.0183

     1

    0.0185

     1

    0.0186

     1

    0.0188

     1

    0.0190

     1

    0.0191

     1

    0.0193

     1

    0.0194

     1

    0.0196

     1

    0.0198

     1

    0.0199

     1

    0.0201

     1

    0.0203

     1

    0.0204

     1

    0.0206

     1

    0.0207

     1

    0.0209

     1

    0.0211

     1

    0.0212

     1

    0.0214

     1

    0.0216

     1

    0.0217

     1

    0.0219

     1

    0.0220

     1

    0.0222

     1

    0.0224

     1

    0.0225

     1

    0.0227

     1

    0.0229

     1

    0.0230

     1

    0.0232

     1

    0.0233

     1

    0.0235

     1

    0.0237

     1

    0.0238

     1

    0.0240

     1

    0.0242

     1

    0.0243

     1

    0.0245

     1

    0.0246

     1

    0.0248

     1

    0.0250

     1

    0.0251

     1

    0.0253

     1

    0.0255

     1

    0.0256

     1

    0.0258

     1

    0.0259

     1

    0.0261

     1

    0.0263

     1

    0.0264

     1

    0.0266

     1

    0.0268

     1

    0.0269

     1

    0.0271

     1

    0.0272

     1

    0.0274

     1

    0.0276

     1

    0.0277

     1

    0.0279

     1

    0.0281

     1

    0.0282

     1

    0.0284

     1

    0.0285

     1

    0.0287

     1

    0.0289

     1

    0.0290

     1

    0.0292

     1

    0.0294

     1

    0.0295

     1

    0.0297

     1

    0.0298

     1

    0.0300

     1

    0.0302

     1

    0.0303

     1

    0.0305

     1

    0.0307

     1

    0.0308

     1

    0.0310

     1

    0.0311

     1

    0.0313

     1

    0.0315

     1

    0.0316

     1

    0.0318

     1

    0.0320

     1

    0.0321

     1

    0.0323

     1

    0.0324

     1

    0.0326

     1

    0.0328

     1

    0.0329

     1

    0.0331

     1

    0.0333

     1

    0.0334

     1

    0.0336

     1

    0.0337

     1

    0.0339

     1

    0.0341

     1

    0.0342

     1

    0.0344

     1

    0.0346

     1

    0.0347

     1

    0.0349

     1

    0.0350

     1

    0.0352

     1

    0.0354

     1

    0.0355

     1

    0.0357

     1

    0.0359

     1

    0.0360

     1

    0.0362

     1

    0.0363

     1

    0.0365

     1

    0.0367

     1

    0.0368

     1

    0.0370

     1

    0.0372

     1

    0.0373

     1

    0.0375

     1

    0.0376

     1

    0.0378

     1

    0.0380

     1

    0.0381

     1

    0.0383

     1

    0.0385

     1

    0.0386

     1

    0.0388

     1

    0.0389

     1

    0.0391

     1

    0.0393

     1

    0.0394

     1

    0.0396

     1

    0.0398

     1

    0.0399

     1

    0.0401

     1

    0.0402

     1

    0.0404

     1

    0.0406

     1

    0.0407

     1

    0.0409

     1

    0.0411

     1

    0.0412

     1

    0.0414

     1

    0.0415

     1

    0.0417

     1

    0.0419

     1

    0.0420

     1

    0.0422

     1

    0.0424

     1

    0.0425

     1

    0.0427

     1

    0.0428

     1

    0.0430

     1

    0.0432

     1

    0.0433

     1

    0.0435

     1

    0.0437

     1

    0.0438

     1

    0.0440

     1

    0.0441

     1

    0.0443

     1

    0.0445

     1

    0.0446

     1

    0.0448

     1

    0.0450

     1

    0.0451

     1

    0.0453

     1

    0.0454

     1

    0.0456

     1

    0.0458

     1

    0.0459

     1

    0.0461

     1

    0.0463

     1

    0.0464

     1

    0.0466

     1

    0.0467

     1

    0.0469

     1

    0.0471

     1

    0.0472

     1

    0.0474

     1

    0.0476

     1

    0.0477

     1

    0.0479

     1

    0.0480

     1

    0.0482

     1

    0.0484

     1

    0.0485

     1

    0.0487

     1

    0.0489

     1

    0.0490

     1

    0.0492

     1

    0.0493

     1

    0.0495

     1

    0.0497

     1

    0.0498

     1

    0.0500

     1

    0.0502

     1

    0.0503

     1

    0.0505

     1

    0.0506

     1

    0.0508

     1

    0.0510

     1

    0.0511

     1

    0.0513

     1

    0.0515

     1

    0.0516

     1

    0.0518

     1

    0.0519

     1

    0.0521

     1

    0.0523

     1

    0.0524

     1

    0.0526

     1

    0.0528

     1

    0.0529

     1

    0.0531

     1

    0.0532

     1

    0.0534

     1

    0.0536

     1

    0.0537

     1

    0.0539

     1

    0.0541

     1

    0.0542

     1

    0.0544

     1

    0.0545

     1

    0.0547

     1

    0.0549

     1

    0.0550

     1

    0.0552

     1

    0.0554

     1

    0.0555

     1

    0.0557

     1

    0.0558

     1

    0.0560

     1

    0.0562

     1

    0.0563

     1

    0.0565

     1

    0.0567

     1

    0.0568

     1

    0.0570

     1

    0.0571

     1

    0.0573

     1

    0.0575

     1

    0.0576

     1

    0.0578

     1

    0.0580

     1

    0.0581

     1

    0.0583

     1

    0.0584

     1

    0.0586

     1

    0.0588

     1

    0.0589

     1

    0.0591

     1

    0.0593

     1

    0.0594

     1

    0.0596

     1

    0.0597

     1

    0.0599

     1

    0.0601

     1

    0.0602

     1

    0.0604

     1

    0.0606

     1

    0.0607

     1

    0.0609

     1

    0.0610

     1

    0.0612

     1

    0.0614

     1

    0.0615

     1

    0.0617

     1

    0.0619

     1

    0.0620

     1

    0.0622

     1

    0.0623

     1

    0.0625

     1

    0.0627

     1

    0.0628

     1

    0.0630

     1

    0.0632

     1

    0.0633

     1

    0.0635

     1

    0.0636

     1

    0.0638

     1

    0.0640

     1

    0.0641

     1

    0.0643

     1

    0.0645

     1

    0.0646

     1

    0.0648

     1

    0.0649

     1

    0.0651

     1

    0.0653

     1

    0.0654

     1

    0.0656

     1

    0.0658

     1

    0.0659

     1

    0.0661

     1

    0.0662

     1

    0.0664

     1

    0.0666

     1

    0.0667

     1

    0.0669

     1

    0.0670

     1

    0.0672

     1

    0.0674

     1

    0.0675

     1

    0.0677

     1

    0.0679

     1

    0.0680

     1

    0.0682

     1

    0.0683

     1

    0.0685

     1

    0.0687

     1

    0.0688

     1

    0.0690

     1

    0.0692

     1

    0.0693

     1

    0.0695

     1

    0.0696

     1

    0.0698

     1

    0.0700

     1

    0.0701

     1

    0.0703

     1

    0.0705

     1

    0.0706

     1

    0.0708

     1

    0.0709

     1

    0.0711

     1

    0.0713

     1

    0.0714

     1

    0.0716

     1

    0.0718

     1

    0.0719

     1

    0.0721

     1

    0.0722

     1

    0.0724

     1

    0.0726

     1

    0.0727

     1

    0.0729

     1

    0.0731

     1

    0.0732

     1

    0.0734

     1

    0.0735

     1

    0.0737

     1

    0.0739

     1

    0.0740

     1

    0.0742

     1

    0.0744

     1

    0.0745

     1

    0.0747

     1

    0.0748

     1

    0.0750

     1

    0.0752

     1

    0.0753

     1

    0.0755

     1

    0.0757

     1

    0.0758

     1

    0.0760

     1

    0.0761

     1

    0.0763

     1

    0.0765

     1

    0.0766

     1

    0.0768

     1

    0.0770

     1

    0.0771

     1

    0.0773

     1

    0.0774

     1

    0.0776

     1

    0.0778

     1

    0.0779

     1

    0.0781

     1

    0.0783

     1

    0.0784

     1

    0.0786

     1

    0.0787

     1

    0.0789

     1

    0.0791

     1

    0.0792

     1

    0.0794

     1

    0.0796

     1

    0.0797

     1

    0.0799

     1

    0.0800

     1

    0.0802

     1

    0.0804

     1

    0.0805

     1

    0.0807

     1

    0.0809

     1

    0.0810

     1

    0.0812

     1

    0.0813

     1

    0.0815

     1

    0.0817

     1

    0.0818

     1

    0.0820

     1

    0.0822

     1

    0.0823

     1

    0.0825

     1

    0.0826

     1

    0.0828

     1

    0.0830

     1

    0.0831

     1

    0.0833

     1

    0.0835

     1

    0.0836

     1

    0.0838

     1

    0.0839

     1

    0.0841

     1

    0.0843

     1

    0.0844

     1

    0.0846

     1

    0.0848

     1

    0.0849

     1

    0.0851

     1

    0.0852

     1

    0.0854

     1

    0.0856

     1

    0.0857

     1

    0.0859

     1

    0.0861

     1

    0.0862

     1

    0.0864

     1

    0.0865

     1

    0.0867

     1

    0.0869

     1

    0.0870

     1

    0.0872

     1

    0.0874

     1

    0.0875

     1

    0.0877

     1

    0.0878

     1

    0.0880

     1

    0.0882

     1

    0.0883

     1

    0.0885

     1

    0.0887

     1

    0.0888

     1

    0.0890

     1

    0.0891

     1

    0.0893

     1

    0.0895

     1

    0.0896

     1

    0.0898

     1

    0.0900

     1

    0.0901

     1

    0.0903

     1

    0.0904

     1

    0.0906

     1

    0.0908

     1

    0.0909

     1

    0.0911

     1

    0.0913

     1

    0.0914

     1

    0.0916

     1

    0.0917

     1

    0.0919

     1

    0.0921

     1

    0.0922

     1

    0.0924

     1

    0.0926

     1

    0.0927

     1

    0.0929

     1

    0.0930

     1

    0.0932

     1

    0.0934

     1

    0.0935

     1

    0.0937

     1

    0.0939

     1

    0.0940

     1

    0.0942

     1

    0.0943

     1

    0.0945

     1

    0.0947

     1

    0.0948

     1

    0.0950

     1

    0.0952

     1

    0.0953

     1

    0.0955

     1

    0.0956

     1

    0.0958

     1

    0.0960

     1

    0.0961

     1

    0.0963

     1

    0.0965

     1

    0.0966

     1

    0.0968

     1

    0.0969

     1

    0.0971

     1

    0.0973

     1

    0.0974

     1

    0.0976

     1

    0.0978

     1

    0.0979

     1

    0.0981

     1

    0.0982

     1

    0.0984

     1

    0.0986

     1

    0.0987

     1

    0.0989

     1

    0.0991

     1

    0.0992

     1

    0.0994

     1

    0.0995

     1

    0.0997

     1

    0.0999

     1

    0.1000

     1

    0.1002

     1

    0.1004

     1

    0.1005

     1

    0.1007

     1

    0.1008

     1

    0.1010

     1

    0.1012

     3

    0.1013

     1

    0.1012

     1

    0.1011

     1

    0.1011

     1

    0.1010

     1

    0.1009

     1

    0.1008

     1

    0.1008

     1

    0.1007

     1

    0.1006

     3

    0.1005

     3

    0.1004

     3

    0.1004

     3

    0.1003

     1

    0.1002

     1

    0.1001

     1

    0.1000

     1

    0.1000

     3

    0.0999

     3

    0.0998

     3

    0.0998

     1

    0.0997

     1

    0.0997

     1

    0.0996

     1

    0.0996

     1

    0.0995

     1

    0.0995

     1

    0.0994

     1

    0.0994

     1

    0.0993

     1

    0.0993

     1

    0.0992

     1

    0.0992

     1

    0.0991

     1

    0.0991

     1

    0.0990

     1

    0.0990

     1

    0.0989

     1

    0.0989

     1

    0.0988

     1

    0.0988

     1

    0.0987

     1

    0.0987

     1

    0.0986

     1

    0.0986

     1

    0.0985

     1

    0.0985

     1

    0.0984

     1

    0.0984

     1

    0.0983

     1

    0.0983

     1

    0.0982

     1

    0.0982

     1

    0.0981

     1

    0.0981

     1

    0.0980

     1

    0.0979

     1

    0.0979

     1

    0.0978

     1

    0.0978

     1

    0.0977

     1

    0.0977

     1

    0.0976

     1

    0.0976

     1

    0.0975

     1

    0.0975

     1

    0.0974

     1

    0.0974

     1

    0.0973

     1

    0.0973

     1

    0.0972

     1

    0.0972

     1

    0.0971

     1

    0.0971

     1

    0.0970

     1

    0.0970

     1

    0.0969

     1

    0.0969

     1

    0.0968

     1

    0.0968

     1

    0.0967

     1

    0.0967

     1

    0.0966

     1

    0.0966

     1

    0.0965

     1

    0.0965

     1

    0.0964

     1

    0.0964

     1

    0.0963

     1

    0.0963

     1

    0.0962

     1

    0.0962

     1

    0.0961

     1

    0.0961

     1

    0.0960

     1

    0.0960

     1

    0.0959

     1

    0.0959

     1

    0.0958

     1

    0.0958

     1

    0.0957

     1

    0.0957

     1

    0.0956

     1

    0.0956

     1

    0.0955

     1

    0.0955

     1

    0.0954

     1

    0.0954

     1

    0.0953

     1

    0.0953

     1

    0.0952

     1

    0.0952

     1

    0.0951

     1

    0.0951

     1

    0.0950

     1

    0.0950

     1

    0.0949

     1

    0.0949

     1

    0.0948

     1

    0.0948

     1

    0.0947

     1

    0.0947

     1

    0.0946

     1

    0.0946

     1

    0.0945

     1

    0.0945

     1

    0.0944

     1

    0.0944

     1

    0.0943

     1

    0.0942

     1

    0.0942

     1

    0.0941

     1

    0.0941

     1

    0.0940

     1

    0.0940

     1

    0.0939

     1

    0.0939

     1

    0.0938

     1

    0.0938

     1

    0.0937

     1

    0.0937

     1

    0.0936

     1

    0.0936

     1

    0.0935

     1

    0.0935

     1

    0.0934

     1

    0.0934

     1

    0.0933

     1

    0.0933

     1

    0.0932

     1

    0.0932

     1

    0.0931

     1

    0.0931

     1

    0.0930

     1

    0.0930

     1

    0.0929

     1

    0.0929

     1

    0.0928

     1

    0.0928

     1

    0.0927

     1

    0.0927

     1

    0.0926

     1

    0.0926

     1

    0.0925

     1

    0.0925

     1

    0.0924

     1

    0.0924

     1

    0.0923

     1

    0.0923

     1

    0.0922

     1

    0.0922

     1

    0.0921

     1

    0.0921

     1

    0.0920

     1

    0.0920

     1

    0.0919

     1

    0.0919

     1

    0.0918

     1

    0.0918

     1

    0.0917

     1

    0.0917

     1

    0.0916

     1

    0.0916

     1

    0.0915

     1

    0.0915

     1

    0.0914

     1

    0.0914

     1

    0.0913

     1

    0.0913

     1

    0.0912

     1

    0.0912

     1

    0.0911

     1

    0.0911

     1

    0.0910

     1

    0.0910

     1

    0.0909

     1

    0.0909

     1

    0.0908

     1

    0.0908

     1

    0.0907

     1

    0.0907

     1

    0.0906

     1

    0.0906

     1

    0.0905

     1

    0.0904

     1

    0.0904

     1

    0.0903

     1

    0.0903

     1

    0.0902

     1

    0.0902

     1

    0.0901

     1

    0.0901

     1

    0.0900

     1

    0.0900

     1

    0.0899

     1

    0.0899

     1

    0.0898

     1

    0.0898

     1

    0.0897

     1

    0.0897

     1

    0.0896

     1

    0.0896

     1

    0.0895

     1

    0.0895

     1

    0.0894

     1

    0.0894

     1

    0.0893

     1

    0.0893

     1

    0.0892

     1

    0.0892

     1

    0.0891

     1

    0.0891

     1

    0.0890

     1

    0.0890

     1

    0.0889

     1

    0.0889

     1

    0.0888

     1

    0.0888

     1

    0.0887

     1

    0.0887

     1

    0.0886

     1

    0.0886

     1

    0.0885

     1

    0.0885

     1

    0.0884

     1

    0.0884

     1

    0.0883

     1

    0.0883

     1

    0.0882

     1

    0.0882

     1

    0.0881

     1

    0.0881

     1

    0.0880

     1

    0.0880

     1

    0.0879

     1

    0.0879

     1

    0.0878

     1

    0.0878

     1

    0.0877

     1

    0.0877

     1

    0.0876

     1

    0.0876

     1

    0.0875

     1

    0.0875

     1

    0.0874

     1

    0.0874

     1

    0.0873

     1

    0.0873

     1

    0.0872

     1

    0.0872

     1

    0.0871

     1

    0.0871

     1

    0.0870

     1

    0.0870

     1

    0.0869

     1

    0.0869

     1

    0.0868

     1

    0.0868

     1

    0.0867

     1

    0.0866

     1

    0.0866

     1

    0.0865

     1

    0.0865

     1

    0.0864

     1

    0.0864

     1

    0.0863

     1

    0.0863

     1

    0.0862

     1

    0.0862

     1

    0.0861

     1

    0.0861

     1

    0.0860

     1

    0.0860

     1

    0.0859

     1

    0.0859

     1

    0.0858

     1

    0.0858

     1

    0.0857

     1

    0.0857

     1

    0.0856

     1

    0.0856

     1

    0.0855

     1

    0.0855

     1

    0.0854

     1

    0.0854

     1

    0.0853

     1

    0.0853

     1

    0.0852

     1

    0.0852

     1

    0.0851

     1

    0.0851

     1

    0.0850

     1

    0.0850

     1

    0.0849

     1

    0.0849

     1

    0.0848

     1

    0.0848

     1

    0.0847

     1

    0.0847

     1

    0.0846

     1

    0.0846

     1

    0.0845

     1

    0.0845

     1

    0.0844

     1

    0.0844

     1

    0.0843

     1

    0.0843

     1

    0.0842

     1

    0.0842

     1

    0.0841

     1

    0.0841

     1

    0.0840

     1

    0.0840

     1

    0.0839

     1

    0.0839

     1

    0.0838

     1

    0.0838

     1

    0.0837

     1

    0.0837

     1

    0.0836

     1

    0.0836

     1

    0.0835

     1

    0.0835

     1

    0.0834

     1

    0.0834

     1

    0.0833

     1

    0.0833

     1

    0.0832

     1

    0.0832

     1

    0.0831

     1

    0.0831

     1

    0.0830

     1

    0.0829

     1

    0.0829

     1

    0.0828

     1

    0.0828

     1

    0.0827

     1

    0.0827

     1

    0.0826

     1

    0.0826

     1

    0.0825

     1

    0.0825

     1

    0.0824

     1

    0.0824

     1

    0.0823

     1

    0.0823

     1

    0.0822

     1

    0.0822

     1

    0.0821

     1

    0.0821

     1

    0.0820

     1

    0.0820

     1

    0.0819

     1

    0.0819

     1

    0.0818

     1

    0.0818

     1

    0.0817

     1

    0.0817

     1

    0.0816

     1

    0.0816

     1

    0.0815

     1

    0.0815

     1

    0.0814

     1

    0.0814

     1

    0.0813

     1

    0.0813

     1

    0.0812

     1

    0.0812

     1

    0.0811

     1

    0.0811

     1

    0.0810

     1

    0.0810

     1

    0.0809

     1

    0.0809

     1

    0.0808

     1

    0.0808

     1

    0.0807

     1

    0.0807

     1

    0.0806

     1

    0.0806

     1

    0.0805

     1

    0.0805

     1

    0.0804

     1

    0.0804

     1

    0.0803

     1

    0.0803

     1

    0.0802

     1

    0.0802

     1

    0.0801

     1

    0.0801

     1

    0.0800

     1

    0.0800

     1

    0.0799

     1

    0.0799

     1

    0.0798

     1

    0.0798

     1

    0.0797

     1

    0.0797

     1

    0.0796

     1

    0.0796

     1

    0.0795

     1

    0.0795

     1

    0.0794

     1

    0.0794

     1

    0.0793

     1

    0.0793

     1

    0.0792

     1

    0.0791

     1

    0.0791

     1

    0.0790

     1

    0.0790

     1

    0.0789

     1

    0.0789

     1

    0.0788

     1

    0.0788

     1

    0.0787

     1

    0.0787

     1

    0.0786

     1

    0.0786

     1

    0.0785

     1

    0.0785

     1

    0.0784

     1

    0.0784

     1

    0.0783

     1

    0.0783

     1

    0.0782

     1

    0.0782

     1

    0.0781

     1

    0.0781

     1

    0.0780

     1

    0.0780

     1

    0.0779

     1

    0.0779

     1

    0.0778

     1

    0.0778

     1

    0.0777

     1

    0.0777

     1

    0.0776

     1

    0.0776

     1

    0.0775

     1

    0.0775

     1

    0.0774

     1

    0.0774

     1

    0.0773

     1

    0.0773

     1

    0.0772

     1

    0.0772

     1

    0.0771

     1

    0.0771

     1

    0.0770

     1

    0.0770

     1

    0.0769

     1

    0.0769

     1

    0.0768

     1

    0.0768

     1

    0.0767

     1

    0.0767

     1

    0.0766

     1

    0.0766

     1

    0.0765

     1

    0.0765

     1

    0.0764

     1

    0.0764

     1

    0.0763

     1

    0.0763

     1

    0.0762

     1

    0.0762

     1

    0.0761

     1

    0.0761

     1

    0.0760

     1

    0.0760

     1

    0.0759

     1

    0.0759

     1

    0.0758

     1

    0.0758

     1

    0.0757

     1

    0.0757

     1

    0.0756

     1

    0.0756

     1

    0.0755

     1

    0.0755

     1

    0.0754

     1

    0.0753

     1

    0.0753

     1

    0.0752

     1

    0.0752

     1

    0.0751

     1

    0.0751

     1

    0.0750

     1

    0.0750

     1

    0.0749

     1

    0.0749

     1

    0.0748

     1

    0.0748

     1

    0.0747

     1

    0.0747

     1

    0.0746

     1

    0.0746

     1

    0.0745

     1

    0.0745

     1

    0.0744

     1

    0.0744

     1

    0.0743

     1

    0.0743

     1

    0.0742

     1

    0.0742

     1

    0.0741

     1

    0.0741

     1

    0.0740

     1

    0.0740

     1

    0.0739

     1

    0.0739

     1

    0.0738

     1

    0.0738

     1

    0.0737

     1

    0.0737

     1

    0.0736

     1

    0.0736

     1

    0.0735

     1

    0.0735

     1

    0.0734

     1

    0.0734

     1

    0.0733

     1

    0.0733

     1

    0.0732

     1

    0.0732

     1

    0.0731

     1

    0.0731

     1

    0.0730

     1

    0.0730

     1

    0.0729

     1

    0.0729

     1

    0.0728

     1

    0.0728

     1

    0.0727

     1

    0.0727

     1

    0.0726

     1

    0.0726

     1

    0.0725

     1

    0.0725

     1

    0.0724

     1

    0.0724

     1

    0.0723

     1

    0.0723

     1

    0.0722

     1

    0.0722

     1

    0.0721

     1

    0.0721

     1

    0.0720

     1

    0.0720

     1

    0.0719

     1

    0.0719

     1

    0.0718

     1

    0.0718

     1

    0.0717

     1

    0.0716

     1

    0.0716

     1

    0.0715

     1

    0.0715

     1

    0.0714

     1

    0.0714

     1

    0.0713

     1

    0.0713

     1

    0.0712

     1

    0.0712

     1

    0.0711

     1

    0.0711

     1

    0.0710

     1

    0.0710

     1

    0.0709

     1

    0.0709

     1

    0.0708

     1

    0.0708

     1

    0.0707

     1

    0.0707

     1

    0.0706

     1

    0.0706

     1

    0.0705

     1

    0.0705

     1

    0.0704

     1

    0.0704

     1

    0.0703

     1

    0.0703

     1

    0.0702

     1

    0.0702

     1

    0.0701

     1

    0.0701

     1

    0.0700

     1

    0.0700

     1

    0.0699

     1

    0.0699

     1

    0.0698

     1

    0.0698

     1

    0.0697

     1

    0.0697

     1

    0.0696

     1

    0.0696

     1

    0.0695

     1

    0.0695

     1

    0.0694

     1

    0.0694

     1

    0.0693

     1

    0.0693

     1

    0.0692

     1

    0.0692

     1

    0.0691

     1

    0.0691

     1

    0.0690

     1

    0.0690

     1

    0.0689

     1

    0.0689

     1

    0.0688

     1

    0.0688

     1

    0.0687

     3

    0.0686

     1

    0.0683

     1

    0.0680

     1

    0.0677

     1

    0.0674

     1

    0.0672

     1

    0.0669

     1

    0.0666

     1

    0.0663

     1

    0.0660

     1

    0.0658

     3

    0.0655

     3

    0.0652

     3

    0.0650

     3

    0.0647

     1

    0.0645

     1

    0.0642

     1

    0.0639

     1

    0.0637

     1

    0.0634

     1

    0.0632

     1

    0.0629

     1

    0.0627

     1

    0.0624

     1

    0.0622

     1

    0.0619

     1

    0.0617

     1

    0.0614

     1

    0.0611

     1

    0.0609

     1

    0.0606

     1

    0.0604

     1

    0.0601

     1

    0.0599

     1

    0.0596

     1

    0.0594

     1

    0.0591

     1

    0.0589

     1

    0.0586

     1

    0.0583

     1

    0.0581

     1

    0.0578

     1

    0.0576

     1

    0.0573

     1

    0.0571

     1

    0.0568

     1

    0.0566

     1

    0.0563

     1

    0.0561

     1

    0.0558

     1

    0.0555

     1

    0.0553

     1

    0.0550

     1

    0.0548

     1

    0.0545

     1

    0.0543

     1

    0.0540

     1

    0.0538

     1

    0.0535

     1

    0.0533

     1

    0.0530

     1

    0.0528

     1

    0.0525

     1

    0.0522

     1

    0.0520

     1

    0.0517

     1

    0.0515

     1

    0.0512

     1

    0.0510

     1

    0.0507

     1

    0.0505

     1

    0.0502

     1

    0.0500

     1

    0.0497

     1

    0.0494

     1

    0.0492

     1

    0.0489

     1

    0.0487

     1

    0.0484

     1

    0.0482

     1

    0.0479

     1

    0.0477

     1

    0.0474

     1

    0.0472

     1

    0.0469

     1

    0.0466

     1

    0.0464

     1

    0.0461

     1

    0.0459

     1

    0.0456

     1

    0.0454

     1

    0.0451

     1

    0.0449

     1

    0.0446

     1

    0.0444

     1

    0.0441

     1

    0.0438

     1

    0.0436

     1

    0.0433

     1

    0.0431

     1

    0.0428

     1

    0.0426

     1

    0.0423

     1

    0.0421

     1

    0.0418

     1

    0.0416

     1

    0.0413

     1

    0.0410

     1

    0.0408

     1

    0.0405

     1

    0.0403

     1

    0.0400

     1

    0.0398

     1

    0.0395

     1

    0.0393

     1

    0.0390

     1

    0.0388

     1

    0.0385

     1

    0.0383

     1

    0.0380

     1

    0.0377

     1

    0.0375

     1

    0.0372

     1

    0.0370

     1

    0.0367

     1

    0.0365

     1

    0.0362

     1

    0.0360

     1

    0.0357

     1

    0.0355

     1

    0.0352

     1

    0.0349

     1

    0.0347

     1

    0.0344

     1

    0.0342

     1

    0.0339

     1

    0.0337

     1

    0.0334

     1

    0.0332

     1

    0.0329

     1

    0.0327

     1

    0.0324

     1

    0.0321

     1

    0.0319

     1

    0.0316

     1

    0.0314

     1

    0.0311

     1

    0.0309

     1

    0.0306

     1

    0.0304

     1

    0.0301

     1

    0.0299

     1

    0.0296

     1

    0.0293

     1

    0.0291

     1

    0.0288

     1

    0.0286

     1

    0.0283

     1

    0.0281

     1

    0.0278

     1

    0.0276

     1

    0.0273

     1

    0.0271

     1

    0.0268

     1

    0.0266

     1

    0.0263

     1

    0.0260

     1

    0.0258

     1

    0.0255

     1

    0.0253

     1

    0.0250

     1

    0.0248

     1

    0.0245

     1

    0.0243

     1

    0.0240

     1

    0.0238

     1

    0.0235

     1

    0.0232

     1

    0.0230

     1

    0.0227

     1

    0.0225

     1

    0.0222

     1

    0.0220

     1

    0.0217

     1

    0.0215

     1

    0.0212

     1

    0.0210

     1

    0.0207

     1

    0.0204

     1

    0.0202

     1

    0.0199

     1

    0.0197

     1

    0.0194

     1

    0.0192

     1

    0.0189

     1

    0.0187

     1

    0.0184

     1

    0.0182

     1

    0.0179

     1

    0.0176

     1

    0.0174

     1

    0.0171

     1

    0.0169

     1

    0.0166

     1

    0.0164

     1

    0.0161

     1

    0.0159

     1

    0.0156

     1

    0.0154

     1

    0.0151

     1

    0.0149

     1

    0.0146

     1

    0.0143

     1

    0.0141

     1

    0.0138

     1

    0.0136

     1

    0.0133

     1

    0.0131

     1

    0.0128

     1

    0.0126

     1

    0.0123

     1

    0.0121

     1

    0.0118

     1

    0.0115

     1

    0.0113

     1

    0.0110

     1

    0.0108

     1

    0.0105

     1

    0.0103

     1

    0.0100

     1

    0.0098

     1

    0.0095

     1

    0.0093

     1

    0.0090

     1

    0.0087

     1

    0.0085

     1

    0.0082

     1

    0.0080

     1

    0.0077

     1

    0.0075

     1

    0.0072

     1

    0.0070

     1

    0.0067

     1

    0.0065

     1

    0.0062

     1

    0.0059

     1

    0.0057

     1

    0.0054

     1

    0.0052

     1

    0.0049

     1

    0.0047

     1

    0.0044

     1

    0.0042

     1

    0.0039

     1

    0.0037

     1

    0.0034

     1

    0.0031

     1

    0.0029

     1

    0.0026

     1

    0.0024

     1

    0.0021

     1

    0.0019

     1

    0.0016

     1

    0.0014

     1

    0.0011

     1

   8.5997e-04

     1

   6.0561e-04

     1

   3.5124e-04

     1

   9.6875e-05

     1

  -1.5749e-04

     1

  -4.1186e-04

     1

  -6.6622e-04

     1

  -9.2059e-04

     1

   -0.0012

     1

   -0.0014

     1

   -0.0017

     1

   -0.0019

     1

   -0.0022

     1

   -0.0024

     1

   -0.0027

     1

   -0.0030

     1

   -0.0032

     1

   -0.0035

     1

   -0.0037

     1

   -0.0040

     1

   -0.0042

     1

   -0.0045

     1

   -0.0047

     1

   -0.0050

     1

   -0.0052

     1

   -0.0055

     1

   -0.0058

     1

   -0.0060

     1

   -0.0063

     1

   -0.0065

     1

   -0.0068

     1

   -0.0070

     1

   -0.0073

     1

   -0.0075

     1

   -0.0078

     1

   -0.0080

     1

   -0.0083

     1

   -0.0086

     1

   -0.0088

     1

   -0.0091

     1

   -0.0093

     1

   -0.0096

     1

   -0.0098

     1

   -0.0101

     1

   -0.0103

     1

   -0.0106

     1

   -0.0108

     1

   -0.0111

     1

   -0.0113

     1

   -0.0116

     1

   -0.0119

     1

   -0.0121

     1

   -0.0124

     1

   -0.0126

     1

   -0.0129

     1

   -0.0131

     1

   -0.0134

     1

   -0.0136

     1

   -0.0139

     1

   -0.0141

     1

   -0.0144

     1

   -0.0147

     1

   -0.0149

     1

   -0.0152

     1

   -0.0154

     1

   -0.0157

     1

   -0.0159

     1

   -0.0162

     1

   -0.0164

     1

   -0.0167

     1

   -0.0169

     1

   -0.0172

     1

   -0.0175

     1

   -0.0177

     1

   -0.0180

     1

   -0.0182

     1

   -0.0185

     1

   -0.0187

     1

   -0.0190

     1

   -0.0192

     1

   -0.0195

     1

   -0.0197

     1

   -0.0200

     1

   -0.0203

     1

   -0.0205

     1

   -0.0208

     1

   -0.0210

     1

   -0.0213

     1

   -0.0215

     1

   -0.0218

     1

   -0.0220

     1

   -0.0223

     1

   -0.0225

     1

   -0.0228

     1

   -0.0231

     1

   -0.0233

     1

   -0.0236

     1

   -0.0238

     1

   -0.0241

     1

   -0.0243

     1

   -0.0246

     1

   -0.0248

     1

   -0.0251

     1

   -0.0253

     1

   -0.0256

     1

   -0.0258

     1

   -0.0261

     1

   -0.0264

     1

   -0.0266

     1

   -0.0269

     1

   -0.0271

     1

   -0.0274

     1

   -0.0276

     1

   -0.0279

     1

   -0.0281

     1

   -0.0284

     1

   -0.0286

     1

   -0.0289

     1

   -0.0292

     1

   -0.0294

     1

   -0.0297

     1

   -0.0299

     1

   -0.0302

     1

   -0.0304

     1

   -0.0307

     1

   -0.0309

     1

   -0.0312

     1

   -0.0314

     1

   -0.0317

     1

   -0.0320

     1

   -0.0322

     1

   -0.0325

     1

   -0.0327

     1

   -0.0330

     1

   -0.0332

     1

   -0.0335

     1

   -0.0337

     1

   -0.0340

     1

   -0.0342

     1

   -0.0345

     1

   -0.0348

     1

   -0.0350

     1

   -0.0353

     1

   -0.0355

     1

   -0.0358

     1

   -0.0360

     1

   -0.0363

     1

   -0.0365

     1

   -0.0368

     1

   -0.0370

     1

   -0.0373

     1

   -0.0375

     1

   -0.0378

     1

   -0.0381

     1

   -0.0383

     1

   -0.0386

     1

   -0.0388

     1

   -0.0391

     1

   -0.0393

     1

   -0.0396

     1

   -0.0398

     1

   -0.0401

     1

   -0.0403

     1

   -0.0406

     1

   -0.0409

     1

   -0.0411

     1

   -0.0414

     1

   -0.0416

     1

   -0.0419

     1

   -0.0421

     1

   -0.0424

     1

   -0.0426

     1

   -0.0429

     1

   -0.0431

     1

   -0.0434

     1

   -0.0437

     1

   -0.0439

     1

   -0.0442

     1

   -0.0444

     1

   -0.0447

     1

   -0.0449

     1

   -0.0452

     1

   -0.0454

     1

   -0.0457

     1

   -0.0459

     1

   -0.0462

     1

   -0.0465

     1

   -0.0467

     1

   -0.0470

     1

   -0.0472

     1

   -0.0475

     1

   -0.0477

     1

   -0.0480

     1

   -0.0482

     1

   -0.0485

     1

   -0.0487

     1

   -0.0490

     1

   -0.0492

     1

   -0.0495

     1

   -0.0498

     1

   -0.0500

     1

   -0.0503

     1

   -0.0505

     1

   -0.0508

     1

   -0.0510

     1

   -0.0513

     1

   -0.0515

     1

   -0.0518

     1

   -0.0520

     1

   -0.0523

     1

   -0.0526

     1

   -0.0528

     1

   -0.0531

     1

   -0.0533

     1

   -0.0536

     1

   -0.0538

     1

   -0.0541

     1

   -0.0543

     1

   -0.0546

     1

   -0.0548

     1

   -0.0551

     1

   -0.0554

     1

   -0.0556

     1

   -0.0559

     1

   -0.0561

     1

   -0.0564

     1

   -0.0566

     1

   -0.0569

     1

   -0.0571

     1

   -0.0574

     1

   -0.0576

     1

   -0.0579

     1

   -0.0582

     1

   -0.0584

     1

   -0.0587

     1

   -0.0589

     1

   -0.0592

     1

   -0.0594

     1

   -0.0597

     1

   -0.0599

     1

   -0.0602

     1

   -0.0604

     1

   -0.0607

     1

   -0.0610

     1

   -0.0612

     1

   -0.0615

     1

   -0.0617

     1

   -0.0620

     1

   -0.0622

     1

   -0.0625

     1

   -0.0627

     1

   -0.0630

     1

   -0.0632

     1

   -0.0635

     1

   -0.0637

     1

   -0.0640

     1

   -0.0643

     1

   -0.0645

     1

   -0.0648

     1

   -0.0650

     1

   -0.0653

     1

   -0.0655

     1

   -0.0658

     1

   -0.0660

     1

   -0.0663

     1

   -0.0665

     1

   -0.0668

     1

   -0.0671

     1

   -0.0673

     1

   -0.0676

     1

   -0.0678

     1

   -0.0681

     1

   -0.0683

     1

   -0.0686

     1

   -0.0688

     1

   -0.0691

     1

   -0.0693

     1

   -0.0696

     1

   -0.0699

     1

   -0.0701

     1

   -0.0704

     1

   -0.0706

     1

   -0.0709

     1

   -0.0711

     1

   -0.0714

     1

   -0.0716

     1

   -0.0719

     1

   -0.0721

     1

   -0.0724

     1

   -0.0727

     1

   -0.0729

     1

   -0.0732

     1

   -0.0734

     1

   -0.0737

     1

   -0.0739

     1

   -0.0742

     1

   -0.0744

     1

   -0.0747

     1

   -0.0749

     1

   -0.0752

     1

   -0.0754

     1

   -0.0757

     1

   -0.0760

     1

   -0.0762

     1

   -0.0765

     1

   -0.0767

     1

   -0.0770

     1

   -0.0772

     1

   -0.0775

     1

   -0.0777

     1

   -0.0780

     3

   -0.0784

     1

   -0.0788

     1

   -0.0793

     1

   -0.0797

     1

   -0.0802

     1

   -0.0806

     1

   -0.0811

     1

   -0.0815

     1

   -0.0820

     3

   -0.0824

     3

   -0.0828

     3

   -0.0833

     3

   -0.0837

     1

   -0.0841

     1

   -0.0845

     1

   -0.0849

     1

   -0.0853

     3

   -0.0857

     3

   -0.0860

     3

   -0.0864

     3

   -0.0867

     1

   -0.0871

     1

   -0.0874

     1

   -0.0878

     1

   -0.0881

     1

   -0.0884

     1

   -0.0888

     1

   -0.0891

     1

   -0.0895

     1

   -0.0898

     1

   -0.0901

     1

   -0.0905

     1

   -0.0908

     1

   -0.0912

     1

   -0.0915

     1

   -0.0918

     1

   -0.0922

     1

   -0.0925

     1

   -0.0929

     1

   -0.0932

     1

   -0.0936

     1

   -0.0939

     1

   -0.0942

     1

   -0.0946

     1

   -0.0949

     1

   -0.0953

     1

   -0.0956

     1

   -0.0959

     1

   -0.0963

     1

   -0.0966

     1

   -0.0970

     1

   -0.0973

     1

   -0.0977

     1

   -0.0980

     1

   -0.0983

     1

   -0.0987

     1

   -0.0990

     1

   -0.0994

     1

   -0.0997

     1

   -0.1000

     1

   -0.1004

     1

   -0.1007

     1

   -0.1011

     1

   -0.1014

     1

   -0.1018

     1

   -0.1021

     1

   -0.1024

     1

   -0.1028

     1

   -0.1031

     1

   -0.1035

     1

   -0.1038

     1

   -0.1041

     1

   -0.1045

     1

   -0.1048

     1

   -0.1052

     1

   -0.1055

     1

   -0.1059

     1

   -0.1062

     1

   -0.1065

     1

   -0.1069

     1

   -0.1072

     1

   -0.1076

     1

   -0.1079

     1

   -0.1082

     1

   -0.1086

     1

   -0.1089

     1

   -0.1093

     1

   -0.1096

     1

   -0.1100

     1

   -0.1103

     1

   -0.1106

     1

   -0.1110

     1

   -0.1113

     1

   -0.1117

     1

   -0.1120

     1

   -0.1123

     1

   -0.1127

     1

   -0.1130

     1

   -0.1134

     1

   -0.1137

     1

   -0.1140

     1

   -0.1144

     1

   -0.1147

     1

   -0.1151

     1

   -0.1154

     1

   -0.1158

     1

   -0.1161

     1

   -0.1164

     1

   -0.1168

     1

   -0.1171

     1

   -0.1175

     1

   -0.1178

     1

   -0.1181

     1

   -0.1185

     1

   -0.1188

     1

   -0.1192

     1

   -0.1195

     1

   -0.1199

     1

   -0.1202

     1

   -0.1205

     1

   -0.1209

     1

   -0.1212

     1

   -0.1216

     1

   -0.1219

     1

   -0.1222

     1

   -0.1226

     1

   -0.1229

     1

   -0.1233

     1

   -0.1236

     1

   -0.1240

     1

   -0.1243

     1

   -0.1246

     1

   -0.1250

     1

   -0.1253

     1

   -0.1257

     1

   -0.1260

     1

   -0.1263

     1

   -0.1267

     1

   -0.1270

     1

   -0.1274

     1

   -0.1277

     1

   -0.1281

     1

   -0.1284

     1

   -0.1287

     1

   -0.1291

     1

   -0.1294

     1

   -0.1298

     1

   -0.1301

     1

   -0.1304

     1

   -0.1308

     1

   -0.1311

     1

   -0.1315

     1

   -0.1318

     1

   -0.1322

     1

   -0.1325

     1

   -0.1328

     1

   -0.1332

     1

   -0.1335

     1

   -0.1339

     1

   -0.1342

     1

   -0.1345

     1

   -0.1349

     1

   -0.1352

     1

   -0.1356

     1

   -0.1359

     1

   -0.1363

     1

   -0.1366

     1

   -0.1369

     1

   -0.1373

     1

   -0.1376

     1

   -0.1380

     1

   -0.1383

     1

   -0.1386

     1

   -0.1390

     1

   -0.1393

     1

   -0.1397

     1

   -0.1400

     1

   -0.1403

     1

   -0.1407

     1

   -0.1410

     1

   -0.1414

     1

   -0.1417

     1

   -0.1421

     1

   -0.1424

     1

   -0.1427

     1

   -0.1431

     1

   -0.1434

     1

   -0.1438

     1

   -0.1441

     1

   -0.1444

     1

   -0.1448

     1

   -0.1451

     1

   -0.1455

     1

   -0.1458

     1

   -0.1462

     1

   -0.1465

     1

   -0.1468

     1

   -0.1472

     1

   -0.1475

     1

   -0.1479

     1

   -0.1482

     1

   -0.1485

     1

   -0.1489

     1

   -0.1492

     1

   -0.1496

     1

   -0.1499

     1

   -0.1503

     1

   -0.1506

     1

   -0.1509

     1

   -0.1513

     1

   -0.1516

     1

   -0.1520

     1

   -0.1523

     1

   -0.1526

     1

   -0.1530

     1

   -0.1533

     1

   -0.1537

     1

   -0.1540

     1

   -0.1544

     1

   -0.1547

     1

   -0.1550

     1

   -0.1554

     1

   -0.1557

     1

   -0.1561

     1

   -0.1564

     1

   -0.1567

     1

   -0.1571

     1

   -0.1574

     1

   -0.1578

     1

   -0.1581

     1

   -0.1585

     1

   -0.1588

     1

   -0.1591

     1

   -0.1595

     1

   -0.1598

     1

   -0.1602

     1

   -0.1605

     1

   -0.1608

     1

   -0.1612

     1

   -0.1615

     1

   -0.1619

     1

   -0.1622

     1

   -0.1625

     1

   -0.1629

     1

   -0.1632

     1

   -0.1636

     1

   -0.1639

     1

   -0.1643

     1

   -0.1646

     1

   -0.1649

     1

   -0.1653

     1

   -0.1656

     1

   -0.1660

     1

   -0.1663

     1

   -0.1666

     1

   -0.1670

     1

   -0.1673

     1

   -0.1677

     1

   -0.1680

     1

   -0.1684

     1

   -0.1687

     1

   -0.1690

     1

   -0.1694

     1

   -0.1697

     1

   -0.1701

     1

   -0.1704

     1

   -0.1707

     1

   -0.1711

     1

   -0.1714

     1

   -0.1718

     1

   -0.1721

     1

   -0.1725

     1

   -0.1728

     1

   -0.1731

     1

   -0.1735

     1

   -0.1738

     1

   -0.1742

     1

   -0.1745

     1

   -0.1748

     1

   -0.1752

     1

   -0.1755

     1

   -0.1759

     1

   -0.1762

     1

   -0.1766

     1

   -0.1769

     1

   -0.1772

     1

   -0.1776

     1

   -0.1779

     1

   -0.1783

     1

   -0.1786

     1

   -0.1789

     1

   -0.1793

     1

   -0.1796

     1

   -0.1800

     1

   -0.1803

     1

   -0.1807

     1

   -0.1810

     1

   -0.1813

     1

   -0.1817

     1

   -0.1820

     1

   -0.1824

     1

   -0.1827

     1

   -0.1830

     1

   -0.1834

     1

   -0.1837

     1

   -0.1841

     1

   -0.1844

     1

   -0.1848

     1

   -0.1851

     1

   -0.1854

     1

   -0.1858

     1

   -0.1861

     1

   -0.1865

     1

   -0.1868

     1

   -0.1871

     1

   -0.1875

     1

   -0.1878

     1

   -0.1882

     1

   -0.1885

     1

   -0.1888

     1

   -0.1892

     1

   -0.1895

     1

   -0.1899

     1

   -0.1902

     1

   -0.1906

     1

   -0.1909

     1

   -0.1912

     1

   -0.1916

     1

   -0.1919

     1

   -0.1923

     1

   -0.1926

     1

   -0.1929

     1

   -0.1933

     1

   -0.1936

     1

   -0.1940

     1

   -0.1943

     1

   -0.1947

     1

   -0.1950

     1

   -0.1953

     1

   -0.1957

     1

   -0.1960

     1

   -0.1964

     1

   -0.1967

     1

   -0.1970

     1

   -0.1974

     1

   -0.1977

     1

   -0.1981

     1

   -0.1984

     1

   -0.1988

     1

   -0.1991

     1

   -0.1994

     1

   -0.1998

     1

   -0.2001

     1

   -0.2005

     1

   -0.2008

     1

   -0.2011

     1

   -0.2015

     1

   -0.2018

     1

   -0.2022

     1

   -0.2025

     1

   -0.2029

     1

   -0.2032

     1

   -0.2035

     1

   -0.2039

     1

   -0.2042

     1

   -0.2046

     1

   -0.2049

     1

   -0.2052

     1

   -0.2056

     1

   -0.2059

     1

   -0.2063

     1

   -0.2066

     1

   -0.2070

     1

   -0.2073

     1

   -0.2076

     1

   -0.2080

     1

   -0.2083

     1

   -0.2087

     1

   -0.2090

     1

   -0.2093

     1

   -0.2097

     1

   -0.2100

     1

   -0.2104

     1

   -0.2107

     1

   -0.2110

     1

   -0.2114

     1

   -0.2117

     1

   -0.2121

     1

   -0.2124

     1

   -0.2128

     1

   -0.2131

     1

   -0.2134

     1

   -0.2138

     1

   -0.2141

     1

   -0.2145

     1

   -0.2148

     1

   -0.2151

     1

   -0.2155

     1

   -0.2158

     1

   -0.2162

     1

   -0.2165

     1

   -0.2169

     1

   -0.2172

     1

   -0.2175

     1

   -0.2179

     1

   -0.2182

     1

   -0.2186

     1

   -0.2189

     1

   -0.2192

     1

   -0.2196

     1

   -0.2199

     1

   -0.2203

     1

   -0.2206

     1

   -0.2210

     1

   -0.2213

     1

   -0.2216

     1

   -0.2220

     1

   -0.2223

     1

   -0.2227

     1

   -0.2230

     1

   -0.2233

     1

   -0.2237

     1

   -0.2240

     1

   -0.2244

     1

   -0.2247

     1

   -0.2251

     1

   -0.2254

     1

   -0.2257

     1

   -0.2261

     1

   -0.2264

     1

   -0.2268

     1

   -0.2271

     1

   -0.2274

     1

   -0.2278

     1

   -0.2281

     1

   -0.2285

     1

   -0.2288

     1

   -0.2292

     1

   -0.2295

     1

   -0.2298

     1

   -0.2302

     1

   -0.2305

     1

   -0.2309

     1

   -0.2312

     1

   -0.2315

     1

   -0.2319

     1

   -0.2322

     1

   -0.2326

     1

   -0.2329

     1

   -0.2332

     1

   -0.2336

     1

   -0.2339

     1

   -0.2343

     1

   -0.2346

     1

   -0.2350

     1

   -0.2353

     1

   -0.2356

     1

   -0.2360

     1

   -0.2363

     1

   -0.2367

     1

   -0.2370

     1

   -0.2373

     1

   -0.2377

     1

   -0.2380

     1

   -0.2384

     1

   -0.2387

     1

   -0.2391

     1

   -0.2394

     1

   -0.2397

     1

   -0.2401

     1

   -0.2404

     1

   -0.2408

     1

   -0.2411

     1

   -0.2414

     1

   -0.2418

     1

   -0.2421

     1

   -0.2425

     1

   -0.2428

     1

   -0.2432

     1

   -0.2435

     1

   -0.2438

     1

   -0.2442

     1

   -0.2445

     1

   -0.2449

     1

   -0.2452

     1

   -0.2455

     1

   -0.2459

     1

   -0.2462

     1

   -0.2466

     1

   -0.2469

     1

   -0.2473

     1

   -0.2476

     1

   -0.2479

     1

   -0.2483

     1

   -0.2486

     1

   -0.2490

     1

   -0.2493

     1

   -0.2496

     1

   -0.2500

     1

   -0.2503

     1

   -0.2507

     1

   -0.2510

     1

   -0.2514

     1

   -0.2517

     1

   -0.2520

     1

   -0.2524

     1

   -0.2527

     1

   -0.2531

     1

   -0.2534

     1

   -0.2537

     1

   -0.2541

     1

   -0.2544

     1

   -0.2548

     1

   -0.2551

     1

   -0.2555

     1

   -0.2558

     1

   -0.2561

     1

   -0.2565

     1

   -0.2568

     1

   -0.2572

     1

   -0.2575

     1

   -0.2578

     1

   -0.2582

     1

   -0.2585

     1

   -0.2589

     1

   -0.2592

     1

   -0.2595

     1

   -0.2599

     1

   -0.2602

     1

   -0.2606

     1

   -0.2609

     1

   -0.2613

     1

   -0.2616

     1

   -0.2619

     1

   -0.2623

     1

   -0.2626

     1

   -0.2630

     1

   -0.2633

     1

   -0.2636

     1

   -0.2640

     1

   -0.2643

     1

   -0.2647

     1

   -0.2650

     1

   -0.2654

     1

   -0.2657

     1

   -0.2660

     1

   -0.2664

     1

   -0.2667

     1

   -0.2671

     1

   -0.2674

     1

   -0.2677

     1

   -0.2681

     1

   -0.2684

     3

   -0.2689

     1

   -0.2694

     1

   -0.2699

     1

   -0.2704

     1

   -0.2709

     1

   -0.2714

     1

   -0.2720

     1

   -0.2725

     1

   -0.2730

     3

   -0.2735

     3

   -0.2739

     3

   -0.2744

     3

   -0.2749

     1

   -0.2753

     1

   -0.2758

     1

   -0.2762

     1

   -0.2767

     3

   -0.2771

     3

   -0.2775

     3

   -0.2779

     3

   -0.2783

     3

   -0.2787

     1

   -0.2791

     1

   -0.2795

     1

   -0.2799

     1

   -0.2802

     1

   -0.2806

     1

   -0.2810

     1

   -0.2814

     1

   -0.2818

     1

   -0.2822

     1

   -0.2825

     1

   -0.2829

     1

   -0.2833

     1

   -0.2837

     1

   -0.2841

     1

   -0.2845

     1

   -0.2849

     1

   -0.2852

     1

   -0.2856

     1

   -0.2860

     1

   -0.2864

     1

   -0.2868

     1

   -0.2872

     1

   -0.2875

     1

   -0.2879

     1

   -0.2883

     1

   -0.2887

     1

   -0.2891

     1

   -0.2895

     1

   -0.2899

     1

   -0.2902

     1

   -0.2906

     1

   -0.2910

     1

   -0.2914

     1

   -0.2918

     1

   -0.2922

     1

   -0.2925

     1

   -0.2929

     1

   -0.2933

     1

   -0.2937

     1

   -0.2941

     1

   -0.2945

     1

   -0.2948

     1

   -0.2952

     1

   -0.2956

     1

   -0.2960

     1

   -0.2964

     1

   -0.2968

     1

   -0.2972

     1

   -0.2975

     1

   -0.2979

     1

   -0.2983

     1

   -0.2987

     1

   -0.2991

     1

   -0.2995

     1

   -0.2998

     1

   -0.3002

     1

   -0.3006

     1

   -0.3010

     1

   -0.3014

     1

   -0.3018

     1

   -0.3022

     1

   -0.3025

     1

   -0.3029

     1

   -0.3033

     1

   -0.3037

     1

   -0.3041

     1

   -0.3045

     1

   -0.3048

     1

   -0.3052

     1

   -0.3056

     1

   -0.3060

     1

   -0.3064

     1

   -0.3068

     1

   -0.3071

     1

   -0.3075

     1

   -0.3079

     1

   -0.3083

     1

   -0.3087

     1

   -0.3091

     1

   -0.3095

     1

   -0.3098

     1

   -0.3102

     1

   -0.3106

     1

   -0.3110

     1

   -0.3114

     1

   -0.3118

     1

   -0.3121

     1

   -0.3125

     1

   -0.3129

     1

   -0.3133

     1

   -0.3137

     1

   -0.3141

     1

   -0.3145

     1

   -0.3148

     1

   -0.3152

     1

   -0.3156

     1

   -0.3160

     1

   -0.3164

     1

   -0.3168

     1

   -0.3171

     1

   -0.3175

     1

   -0.3179

     1

   -0.3183

     1

   -0.3187

     1

   -0.3191

     1

   -0.3195

     1

   -0.3198

     1

   -0.3202

     1

   -0.3206

     1

   -0.3210

     1

   -0.3214

     1

   -0.3218

     1

   -0.3221

     1

   -0.3225

     1

   -0.3229

     1

   -0.3233

     1

   -0.3237

     1

   -0.3241

     1

   -0.3244

     1

   -0.3248

     1

   -0.3252

     1

   -0.3256

     1

   -0.3260

     1

   -0.3264

     1

   -0.3268

     1

   -0.3271

     1

   -0.3275

     1

   -0.3279

     1

   -0.3283

     1

   -0.3287

     1

   -0.3291

     1

   -0.3294

     1

   -0.3298

     1

   -0.3302

     1

   -0.3306

     1

   -0.3310

     1

   -0.3314

     1

   -0.3318

     1

   -0.3321

     1

   -0.3325

     1

   -0.3329

     1

   -0.3333

     1

   -0.3337

     1

   -0.3341

     1

   -0.3344

     1

   -0.3348

     1

   -0.3352

     1

   -0.3356

     1

   -0.3360

     1

   -0.3364

     1

   -0.3367

     1

   -0.3371

     1

   -0.3375

     1

   -0.3379

     1

   -0.3383

     1

   -0.3387

     1

   -0.3391

     1

   -0.3394

     1

   -0.3398

     1

   -0.3402

     1

   -0.3406

     1

   -0.3410

     1

   -0.3414

     1

   -0.3417

     1

   -0.3421

     1

   -0.3425

     1

   -0.3429

     1

   -0.3433

     1

   -0.3437

     1

   -0.3441

     1

   -0.3444

     1

   -0.3448

     1

   -0.3452

     1

   -0.3456

     1

   -0.3460

     1

   -0.3464

     1

   -0.3467

     1

   -0.3471

     1

   -0.3475

     1

   -0.3479

     1

   -0.3483

     1

   -0.3487

     1

   -0.3490

     1

   -0.3494

     1

   -0.3498

     1

   -0.3502

     1

   -0.3506

     1

   -0.3510

     1

   -0.3514

     1

   -0.3517

     1

   -0.3521

     1

   -0.3525

     1

   -0.3529

     1

   -0.3533

     1

   -0.3537

     1

   -0.3540

     1

   -0.3544

     1

   -0.3548

     1

   -0.3552

     1

   -0.3556

     1

   -0.3560

     1

   -0.3564

     1

   -0.3567

     1

   -0.3571

     1

   -0.3575

     1

   -0.3579

     1

   -0.3583

     1

   -0.3587

     1

   -0.3590

     1

   -0.3594

     1

   -0.3598

     1

   -0.3602

     1

   -0.3606

     1

   -0.3610

     1

   -0.3614

     1

   -0.3617

     1

   -0.3621

     1

   -0.3625

     1

   -0.3629

     1

   -0.3633

     1

   -0.3637

     1

   -0.3640

     1

   -0.3644

     1

   -0.3648

     1

   -0.3652

     1

   -0.3656

     1

   -0.3660

     1

   -0.3663

     1

   -0.3667

     1

   -0.3671

     1

   -0.3675

     1

   -0.3679

     1

   -0.3683

     1

   -0.3687

     1

   -0.3690

     1

   -0.3694

     1

   -0.3698

     1

   -0.3702

     1

   -0.3706

     1

   -0.3710

     1

   -0.3713

     1

   -0.3717

     1

   -0.3721

     1

   -0.3725

     1

   -0.3729

     1

   -0.3733

     1

   -0.3737

     1

   -0.3740

     1

   -0.3744

     1

   -0.3748

     1

   -0.3752

     1

   -0.3756

     1

   -0.3760

     1

   -0.3763

     1

   -0.3767

     1

   -0.3771

     1

   -0.3775

     1

   -0.3779

     1

   -0.3783

     1

   -0.3786

     1

   -0.3790

     1

   -0.3794

     1

   -0.3798

     1

   -0.3802

     1

   -0.3806

     1

   -0.3810

     1

   -0.3813

     1

   -0.3817

     1

   -0.3821

     1

   -0.3825

     1

   -0.3829

     1

   -0.3833

     1

   -0.3836

     1

   -0.3840

     1

   -0.3844

     1

   -0.3848

     1

   -0.3852

     1

   -0.3856

     1

   -0.3860

     1

   -0.3863

     1

   -0.3867

     1

   -0.3871

     1

   -0.3875

     1

   -0.3879

     1

   -0.3883

     1

   -0.3886

     1

   -0.3890

     1

   -0.3894

     1

   -0.3898

     1

   -0.3902

     1

   -0.3906

     1

   -0.3910

     1

   -0.3913

     1

   -0.3917

     1

   -0.3921

     1

   -0.3925

     1

   -0.3929

     1

   -0.3933

     1

   -0.3936

     1

   -0.3940

     1

   -0.3944

     1

   -0.3948

     1

   -0.3952

     1

   -0.3956

     1

   -0.3959

     1

   -0.3963

     1

   -0.3967

     1

   -0.3971

     1

   -0.3975

     1

   -0.3979

     1

   -0.3983

     1

   -0.3986

     1

   -0.3990

     1

   -0.3994

     1

   -0.3998

     1

   -0.4002

     1

   -0.4006

     1

   -0.4009

     1

   -0.4013

     1

   -0.4017

     1

   -0.4021

     1

   -0.4025

     1

   -0.4029

     1

   -0.4033

     1

   -0.4036

     1

   -0.4040

     1

   -0.4044

     1

   -0.4048

     1

   -0.4052

     1

   -0.4056

     1

   -0.4059

     1

   -0.4063

     1

   -0.4067

     1

   -0.4071

     1

   -0.4075

     1

   -0.4079

     1

   -0.4082

     1

   -0.4086

     1

   -0.4090

     1

   -0.4094

     1

   -0.4098

     1

   -0.4102

     1

   -0.4106

     1

   -0.4109

     1

   -0.4113

     1

   -0.4117

     1

   -0.4121

     1

   -0.4125

     1

   -0.4129

     1

   -0.4132

     1

   -0.4136

     1

   -0.4140

     1

   -0.4144

     1

   -0.4148

     1

   -0.4152

     1

   -0.4156

     1

   -0.4159

     1

   -0.4163

     1

   -0.4167

     1

   -0.4171

     1

   -0.4175

     1

   -0.4179

     1

   -0.4182

     1

   -0.4186

     1

   -0.4190

{G[: <a href="matlab:matlab.internal.language.introspective.errorDocCallback('pause')" style="font-weight:bold">pause</a>
I

G[: <a href="matlab:matlab.internal.language.introspective.errorDocCallback('HRdisp', 'C:\Users\issei\Desktop\2018_Hoppingrover\HRdisp.m', 65)" style="font-weight:bold">HRdisp</a> (<a href="matlab: opentoline('C:\Users\issei\Desktop\2018_Hoppingrover\HRdisp.m',65,0)">line 65</a>)
pause(0.01);

G[: <a href="matlab:matlab.internal.language.introspective.errorDocCallback('HRmain', 'C:\Users\issei\Desktop\2018_Hoppingrover\HRmain.m', 59)" style="font-weight:bold">HRmain</a> (<a href="matlab: opentoline('C:\Users\issei\Desktop\2018_Hoppingrover\HRmain.m',59,0)">line 59</a>)
	  			HRdisp(ts,xs,posT);
} 
HRmain
