     6

     0

     6

     0

     3

   1.1639e-07

     3

   7.7273e-07

     3

   2.7023e-06

     3

   6.3749e-06

     3

   1.2252e-05

     3

   2.0795e-05

     3

   3.2465e-05

     3

   4.7722e-05

     3

   6.7028e-05

     3

   9.0842e-05

     3

   1.1962e-04

     3

   1.5383e-04

     3

   1.9392e-04

     3

   2.4035e-04

     3

   2.9357e-04

     3

   3.5404e-04

     3

   4.2220e-04

     3

   4.9851e-04

     3

   5.8341e-04

     3

   6.7734e-04

     3

   7.8074e-04

     3

   8.9403e-04

     3

    0.0010

     3

    0.0012

     3

    0.0013

     3

    0.0015

     3

    0.0016

     3

    0.0018

     3

    0.0020

     3

    0.0022

     3

    0.0024

     3

    0.0027

     3

    0.0029

     3

    0.0032

     3

    0.0035

     3

    0.0037

     3

    0.0040

     3

    0.0044

     3

    0.0047

     3

    0.0051

     3

    0.0054

     3

    0.0058

     3

    0.0062

     3

    0.0066

     3

    0.0070

     3

    0.0075

     3

    0.0079

     3

    0.0084

     1

    0.0088

     1

    0.0093

     1

    0.0097

     1

    0.0102

     1

    0.0106

     1

    0.0111

     1

    0.0115

     1

    0.0120

     1

    0.0124

     1

    0.0129

     1

    0.0133

     1

    0.0138

     1

    0.0142

     1

    0.0147

     1

    0.0151

     1

    0.0156

     1

    0.0160

     1

    0.0165

     1

    0.0169

     1

    0.0174

     1

    0.0178

     1

    0.0183

     1

    0.0187

     1

    0.0192

     1

    0.0196

     1

    0.0201

     1

    0.0205

     1

    0.0210

     1

    0.0214

     1

    0.0219

     1

    0.0223

     1

    0.0228

     1

    0.0232

     1

    0.0237

     1

    0.0241

     1

    0.0246

     1

    0.0250

     1

    0.0255

     1

    0.0259

     1

    0.0264

     1

    0.0268

     1

    0.0273

     1

    0.0277

     1

    0.0282

     1

    0.0286

     1

    0.0291

     1

    0.0295

     1

    0.0300

     1

    0.0304

     1

    0.0309

     1

    0.0313

     1

    0.0318

     1

    0.0322

     1

    0.0327

     1

    0.0331

     1

    0.0336

     1

    0.0340

     1

    0.0345

     1

    0.0349

     1

    0.0354

     1

    0.0358

     1

    0.0363

     1

    0.0367

     1

    0.0372

     1

    0.0376

     1

    0.0381

     1

    0.0385

     1

    0.0390

     1

    0.0394

     1

    0.0399

     1

    0.0403

     1

    0.0408

     1

    0.0412

     1

    0.0417

     1

    0.0421

     1

    0.0426

     1

    0.0430

     1

    0.0435

     1

    0.0439

     1

    0.0444

     1

    0.0448

     1

    0.0453

     1

    0.0457

     1

    0.0462

     1

    0.0466

     1

    0.0471

     1

    0.0475

     1

    0.0480

     1

    0.0484

     1

    0.0489

     1

    0.0493

     1

    0.0498

     1

    0.0502

     1

    0.0507

     1

    0.0511

     1

    0.0516

     1

    0.0520

     1

    0.0525

     1

    0.0529

     1

    0.0534

     1

    0.0538

     1

    0.0543

     1

    0.0547

     1

    0.0552

     1

    0.0556

     1

    0.0561

     1

    0.0565

     1

    0.0570

     1

    0.0574

     1

    0.0579

     1

    0.0583

     1

    0.0588

     1

    0.0592

     1

    0.0597

     1

    0.0601

     1

    0.0606

     1

    0.0610

     1

    0.0615

     1

    0.0619

     1

    0.0624

     1

    0.0628

     1

    0.0633

     1

    0.0637

     1

    0.0642

     1

    0.0646

     1

    0.0651

     1

    0.0655

     1

    0.0660

     1

    0.0664

     1

    0.0669

     1

    0.0673

     1

    0.0678

     1

    0.0682

     1

    0.0687

     1

    0.0691

     1

    0.0696

     1

    0.0700

     1

    0.0705

     1

    0.0709

     1

    0.0714

     1

    0.0718

     1

    0.0723

     1

    0.0727

     1

    0.0732

     1

    0.0736

     1

    0.0741

     1

    0.0745

     1

    0.0750

     1

    0.0755

     1

    0.0759

     1

    0.0764

     1

    0.0768

     1

    0.0773

     1

    0.0777

     1

    0.0782

     1

    0.0786

     1

    0.0791

     1

    0.0795

     1

    0.0800

     1

    0.0804

     1

    0.0809

     1

    0.0813

     1

    0.0818

     1

    0.0822

     1

    0.0827

     1

    0.0831

     1

    0.0836

     1

    0.0840

     1

    0.0845

     1

    0.0849

     1

    0.0854

     1

    0.0858

     1

    0.0863

     1

    0.0867

     1

    0.0872

     1

    0.0876

     1

    0.0881

     1

    0.0885

     1

    0.0890

     1

    0.0894

     1

    0.0899

     1

    0.0903

     1

    0.0908

     1

    0.0912

     1

    0.0917

     1

    0.0921

     1

    0.0926

     1

    0.0930

     1

    0.0935

     1

    0.0939

     1

    0.0944

     1

    0.0948

     1

    0.0953

     1

    0.0957

     1

    0.0962

     1

    0.0966

     1

    0.0971

     1

    0.0975

     1

    0.0980

     1

    0.0984

     1

    0.0989

     1

    0.0993

     1

    0.0998

     1

    0.1002

     1

    0.1007

     1

    0.1011

     1

    0.1016

     1

    0.1020

     1

    0.1025

     1

    0.1029

     1

    0.1034

     1

    0.1038

     1

    0.1043

     1

    0.1047

     1

    0.1052

     1

    0.1056

     1

    0.1061

     1

    0.1065

     1

    0.1070

     1

    0.1074

     1

    0.1079

     1

    0.1083

     1

    0.1088

     1

    0.1092

     1

    0.1097

     1

    0.1101

     1

    0.1106

     1

    0.1110

     1

    0.1115

     1

    0.1119

     1

    0.1124

     1

    0.1128

     1

    0.1133

     1

    0.1137

     1

    0.1142

     1

    0.1146

     1

    0.1151

     1

    0.1155

     1

    0.1160

     1

    0.1164

     1

    0.1169

     1

    0.1173

     1

    0.1178

     1

    0.1182

     1

    0.1187

     1

    0.1191

     1

    0.1196

     1

    0.1200

     1

    0.1205

     1

    0.1209

     1

    0.1214

     1

    0.1218

     1

    0.1223

     1

    0.1227

     1

    0.1232

     1

    0.1236

     1

    0.1241

     1

    0.1245

     1

    0.1250

     1

    0.1254

     1

    0.1259

     1

    0.1263

     1

    0.1268

     1

    0.1272

     1

    0.1277

     1

    0.1281

     1

    0.1286

     1

    0.1290

     1

    0.1295

     1

    0.1299

     1

    0.1304

     1

    0.1308

     1

    0.1313

     1

    0.1317

     1

    0.1322

     1

    0.1326

     1

    0.1331

     1

    0.1335

     1

    0.1340

     1

    0.1344

     1

    0.1349

     1

    0.1353

     1

    0.1358

     1

    0.1362

     1

    0.1367

     1

    0.1371

     1

    0.1376

     1

    0.1380

     1

    0.1385

     1

    0.1389

     1

    0.1394

     1

    0.1398

     1

    0.1403

     1

    0.1407

     1

    0.1412

     1

    0.1416

     1

    0.1421

     1

    0.1425

     1

    0.1430

     1

    0.1434

     1

    0.1439

     1

    0.1444

     1

    0.1448

     1

    0.1453

     1

    0.1457

     1

    0.1462

     1

    0.1466

     1

    0.1471

     1

    0.1475

     1

    0.1480

     1

    0.1484

{エラー: <a href="matlab:matlab.internal.language.introspective.errorDocCallback('pause')" style="font-weight:bold">pause</a>
処理を終了しました

エラー: <a href="matlab:matlab.internal.language.introspective.errorDocCallback('HRdisp', 'C:\Users\issei\Desktop\2018_Hoppingrover\HRdisp.m', 65)" style="font-weight:bold">HRdisp</a> (<a href="matlab: opentoline('C:\Users\issei\Desktop\2018_Hoppingrover\HRdisp.m',65,0)">line 65</a>)
pause(0.01);

エラー: <a href="matlab:matlab.internal.language.introspective.errorDocCallback('HRmain', 'C:\Users\issei\Desktop\2018_Hoppingrover\HRmain.m', 59)" style="font-weight:bold">HRmain</a> (<a href="matlab: opentoline('C:\Users\issei\Desktop\2018_Hoppingrover\HRmain.m',59,0)">line 59</a>)
	  			HRdisp(ts,xs,posT);
} 
HRmain
