
index =

   300
   -30

{配列インデックスは正の整数または logical 値でなければなりません。

エラー: <a href="matlab:matlab.internal.language.introspective.errorDocCallback('Control', 'C:\Users\issei\Desktop\2018_Hoppingrover\entry01\Control.m', 34)" style="font-weight:bold">Control</a> (<a href="matlab: opentoline('C:\Users\issei\Desktop\2018_Hoppingrover\entry01\Control.m',34,0)">line 34</a>)
t_cmd = myInput(index);

エラー: <a href="matlab:matlab.internal.language.introspective.errorDocCallback('HRmain', 'C:\Users\issei\Desktop\2018_Hoppingrover\HRmain.m', 43)" style="font-weight:bold">HRmain</a> (<a href="matlab: opentoline('C:\Users\issei\Desktop\2018_Hoppingrover\HRmain.m',43,0)">line 43</a>)
			t_cmd = Control(pos,vel,the,omg,posT,t_,smt_,state, myInput);

エラー: <a href="matlab:matlab.internal.language.introspective.errorDocCallback('ga2', 'C:\Users\issei\Desktop\2018_Hoppingrover\ga2.m', 83)" style="font-weight:bold">ga2</a> (<a href="matlab: opentoline('C:\Users\issei\Desktop\2018_Hoppingrover\ga2.m',83,0)">line 83</a>)
        HRmain;
} 
ga2
  1 列から 16 列

    0.0003    0.0000   -0.0002    0.0001   -0.0001    0.0002   -0.0002   -0.0005    0.0000    0.0004   -0.0003    0.0002    0.0002    0.0004   -0.0001   -0.0003
    0.0003    0.0003   -0.0004    0.0001    0.0000   -0.0000    0.0001   -0.0002    0.0005   -0.0005   -0.0003    0.0003   -0.0005    0.0001   -0.0001    0.0003
    0.0003    0.0000   -0.0002    0.0001   -0.0001    0.0002   -0.0005   -0.0005   -0.0001    0.0004   -0.0003    0.0002    0.0002    0.0003   -0.0001   -0.0003
    0.0003    0.0003    0.0000    0.0001    0.0000   -0.0000   -0.0000   -0.0002    0.0005    0.0002   -0.0003    0.0002   -0.0005    0.0001   -0.0001    0.0003
    0.0003    0.0003   -0.0004    0.0001    0.0000   -0.0000    0.0001   -0.0002    0.0002   -0.0005   -0.0003    0.0002   -0.0005    0.0001   -0.0001    0.0003
    0.0003    0.0003   -0.0004    0.0001    0.0000   -0.0002   -0.0002   -0.0002   -0.0004    0.0004   -0.0003    0.0002    0.0002    0.0001   -0.0001   -0.0003
    0.0003    0.0003   -0.0004    0.0001    0.0000   -0.0000   -0.0000   -0.0002    0.0005   -0.0005   -0.0003    0.0002   -0.0005    0.0001   -0.0001   -0.0001
    0.0003    0.0003   -0.0004    0.0001    0.0000   -0.0002   -0.0002   -0.0002   -0.0004    0.0004   -0.0003    0.0002    0.0002    0.0001   -0.0001   -0.0003
    0.0003    0.0003   -0.0004    0.0001    0.0000    0.0005   -0.0002   -0.0002   -0.0004    0.0004   -0.0003    0.0002    0.0002    0.0001   -0.0001   -0.0003
    0.0003    0.0000   -0.0002    0.0002   -0.0001    0.0002   -0.0002   -0.0005    0.0000    0.0004   -0.0003    0.0002    0.0002    0.0004    0.0004   -0.0003

  17 列から 32 列

   -0.0003   -0.0002   -0.0005   -0.0001    0.0003    0.0003    0.0004    0.0002   -0.0004   -0.0001   -0.0004    0.0000   -0.0003   -0.0000    0.0000    0.0003
    0.0004    0.0002   -0.0005   -0.0003    0.0002   -0.0005    0.0004    0.0002   -0.0002    0.0002   -0.0004    0.0005    0.0004   -0.0000    0.0000    0.0003
   -0.0003   -0.0002   -0.0005   -0.0001    0.0003    0.0003    0.0004    0.0002   -0.0004   -0.0001   -0.0004    0.0000   -0.0003   -0.0000    0.0000    0.0003
    0.0004   -0.0002   -0.0005   -0.0003    0.0002   -0.0005    0.0004    0.0002    0.0001    0.0002   -0.0004    0.0005    0.0004   -0.0000    0.0000    0.0003
    0.0004    0.0002   -0.0005   -0.0003    0.0002   -0.0005    0.0004    0.0002    0.0001    0.0002   -0.0004    0.0005    0.0004   -0.0000    0.0000    0.0003
    0.0004   -0.0002   -0.0005   -0.0004    0.0002   -0.0005    0.0004    0.0002    0.0000    0.0002   -0.0004   -0.0002   -0.0003   -0.0000    0.0000   -0.0004
    0.0004   -0.0002   -0.0005   -0.0003    0.0002   -0.0005    0.0004    0.0002    0.0001    0.0002   -0.0004    0.0005    0.0004   -0.0000    0.0000    0.0003
    0.0004   -0.0002   -0.0005   -0.0003    0.0002   -0.0005    0.0004    0.0002    0.0000    0.0002   -0.0004   -0.0002    0.0004   -0.0000    0.0000   -0.0004
    0.0001   -0.0002   -0.0005    0.0001    0.0002   -0.0005    0.0004    0.0002    0.0000    0.0002   -0.0004   -0.0002   -0.0003   -0.0000    0.0000   -0.0004
   -0.0003   -0.0002   -0.0005   -0.0001    0.0003    0.0003    0.0004    0.0002   -0.0004   -0.0001   -0.0004    0.0000   -0.0003   -0.0000    0.0000    0.0003

  33 列から 48 列

    0.0001   -0.0002    0.0002   -0.0004    0.0000   -0.0003   -0.0002   -0.0001    0.0001   -0.0003    0.0001   -0.0002    0.0005   -0.0004   -0.0004    0.0002
   -0.0002   -0.0002    0.0002    0.0000    0.0005    0.0002   -0.0004   -0.0001   -0.0004   -0.0003   -0.0004   -0.0003    0.0005   -0.0000   -0.0004    0.0002
    0.0001   -0.0002    0.0002   -0.0004    0.0000   -0.0003   -0.0002   -0.0001    0.0001   -0.0003    0.0001   -0.0002    0.0005   -0.0004   -0.0004    0.0002
   -0.0002   -0.0002    0.0002    0.0000    0.0005    0.0002   -0.0004   -0.0001   -0.0004   -0.0003   -0.0004   -0.0003    0.0005   -0.0004   -0.0004    0.0002
   -0.0004   -0.0002    0.0002    0.0003    0.0004    0.0002   -0.0004   -0.0001   -0.0004   -0.0003   -0.0004   -0.0003    0.0005   -0.0000   -0.0004    0.0002
    0.0001   -0.0002    0.0002    0.0000    0.0002   -0.0002   -0.0002    0.0000    0.0002   -0.0003   -0.0004   -0.0004    0.0005   -0.0000   -0.0004    0.0003
   -0.0002   -0.0002    0.0002    0.0000    0.0005    0.0002   -0.0004   -0.0001   -0.0004   -0.0003   -0.0004   -0.0003    0.0005   -0.0000   -0.0004    0.0002
    0.0001   -0.0002    0.0002    0.0000   -0.0002   -0.0003    0.0004    0.0000    0.0002   -0.0003   -0.0004   -0.0004    0.0005   -0.0000   -0.0004    0.0003
    0.0001   -0.0002    0.0002    0.0000    0.0002   -0.0002    0.0003    0.0000    0.0002   -0.0003   -0.0004   -0.0004   -0.0001   -0.0000   -0.0004    0.0003
    0.0001    0.0003    0.0002   -0.0004    0.0000   -0.0003   -0.0002   -0.0001    0.0001   -0.0003    0.0001   -0.0002    0.0005   -0.0004   -0.0004    0.0002

  49 列から 64 列

    0.0002   -0.0002   -0.0002    0.0003   -0.0003    0.0005   -0.0001    0.0004    0.0004    0.0003   -0.0003    0.0003   -0.0001   -0.0001    0.0004    0.0000
   -0.0005    0.0004   -0.0002    0.0003   -0.0000   -0.0002    0.0003    0.0004    0.0004    0.0002   -0.0003   -0.0001   -0.0001   -0.0004    0.0004   -0.0003
    0.0002   -0.0002   -0.0002    0.0003   -0.0003    0.0005   -0.0001    0.0004    0.0004    0.0003   -0.0003    0.0003   -0.0001   -0.0001    0.0004    0.0000
   -0.0005    0.0004   -0.0002    0.0003   -0.0000   -0.0002    0.0003    0.0004    0.0004    0.0002   -0.0003    0.0003   -0.0001   -0.0001    0.0004   -0.0003
   -0.0005    0.0004   -0.0002    0.0003   -0.0000   -0.0002    0.0003    0.0004    0.0004    0.0002   -0.0003    0.0003   -0.0001   -0.0004    0.0004   -0.0003
   -0.0005   -0.0000    0.0005    0.0003   -0.0003    0.0002   -0.0003   -0.0000   -0.0003   -0.0001   -0.0003    0.0003   -0.0001    0.0000   -0.0001   -0.0004
    0.0002    0.0004    0.0003    0.0003   -0.0000   -0.0002    0.0003    0.0004    0.0004   -0.0002   -0.0003    0.0003   -0.0001   -0.0001    0.0001   -0.0003
   -0.0005    0.0004    0.0005    0.0003   -0.0003    0.0002    0.0003   -0.0000    0.0003    0.0002   -0.0003    0.0003   -0.0001    0.0000   -0.0001    0.0000
   -0.0003   -0.0000    0.0005    0.0003   -0.0003    0.0002   -0.0003   -0.0000   -0.0003    0.0002   -0.0003    0.0003   -0.0001    0.0000   -0.0001    0.0002
    0.0002   -0.0002   -0.0002    0.0003   -0.0003    0.0005   -0.0001    0.0004    0.0004    0.0003    0.0003    0.0003   -0.0001   -0.0001    0.0004    0.0000

  65 列から 80 列

    0.0003   -0.0002    0.0001    0.0000    0.0002    0.0001   -0.0001   -0.0002    0.0004   -0.0002   -0.0001    0.0003   -0.0003   -0.0000   -0.0002   -0.0001
   -0.0003   -0.0002   -0.0001    0.0001    0.0005    0.0001   -0.0001    0.0003   -0.0003   -0.0002   -0.0002    0.0003   -0.0003   -0.0000   -0.0002   -0.0004
    0.0003   -0.0002    0.0001    0.0000    0.0002    0.0004   -0.0001   -0.0002    0.0004   -0.0002   -0.0001    0.0003   -0.0004   -0.0000   -0.0002   -0.0001
   -0.0003   -0.0002   -0.0001   -0.0001    0.0005    0.0001   -0.0001    0.0003    0.0005   -0.0002   -0.0001    0.0003   -0.0004   -0.0000   -0.0000   -0.0001
   -0.0003   -0.0005   -0.0001    0.0001    0.0005    0.0001   -0.0001    0.0003    0.0004   -0.0002   -0.0001    0.0003   -0.0003   -0.0000   -0.0002   -0.0001
   -0.0003   -0.0002   -0.0001    0.0000    0.0003    0.0001   -0.0001    0.0003    0.0004    0.0003    0.0001    0.0003   -0.0003   -0.0000   -0.0002   -0.0001
   -0.0003   -0.0002   -0.0001   -0.0001    0.0005    0.0001   -0.0001    0.0002    0.0005   -0.0002   -0.0001   -0.0003   -0.0003   -0.0000   -0.0002    0.0003
   -0.0003   -0.0002   -0.0000    0.0000    0.0003    0.0001   -0.0001    0.0003    0.0004   -0.0002    0.0001   -0.0003   -0.0003    0.0001   -0.0002   -0.0001
   -0.0003   -0.0002   -0.0001    0.0000    0.0003    0.0001   -0.0001    0.0003    0.0004    0.0003    0.0001    0.0003   -0.0003   -0.0000    0.0002   -0.0001
    0.0003   -0.0002    0.0001    0.0000    0.0002    0.0001   -0.0001   -0.0002    0.0004   -0.0002   -0.0001    0.0003   -0.0003   -0.0000    0.0002   -0.0001

  81 列から 96 列

    0.0005   -0.0003    0.0000   -0.0001    0.0004   -0.0002    0.0003   -0.0004    0.0003    0.0002   -0.0001   -0.0001    0.0001    0.0002    0.0004    0.0001
    0.0005   -0.0003    0.0000   -0.0001    0.0004   -0.0002    0.0003   -0.0004    0.0003    0.0002   -0.0001   -0.0001    0.0001    0.0002    0.0004    0.0001
    0.0005   -0.0003    0.0000   -0.0004    0.0004   -0.0002    0.0003   -0.0004    0.0003    0.0002   -0.0001   -0.0001   -0.0005    0.0002    0.0004    0.0001
    0.0005   -0.0003    0.0000   -0.0004    0.0004   -0.0002    0.0003   -0.0004    0.0003    0.0002   -0.0001   -0.0001   -0.0005    0.0002    0.0004    0.0001
    0.0005   -0.0003    0.0000   -0.0005   -0.0001   -0.0002    0.0003   -0.0001    0.0001    0.0002   -0.0001   -0.0001    0.0001    0.0002    0.0004    0.0001
    0.0005   -0.0003    0.0000   -0.0005   -0.0001   -0.0002    0.0003   -0.0001    0.0001    0.0002   -0.0001   -0.0001    0.0001    0.0002    0.0004    0.0001
    0.0003   -0.0003    0.0000   -0.0001    0.0004    0.0005    0.0003   -0.0004    0.0003    0.0002   -0.0001   -0.0001    0.0001    0.0002    0.0004    0.0001
    0.0003   -0.0003    0.0000   -0.0001    0.0004   -0.0002    0.0003   -0.0004    0.0003    0.0002   -0.0001   -0.0001    0.0001    0.0002    0.0004    0.0001
    0.0005   -0.0003    0.0000   -0.0001   -0.0001    0.0002   -0.0002   -0.0004    0.0001    0.0002   -0.0001   -0.0001    0.0001    0.0002    0.0004   -0.0005
    0.0005   -0.0003    0.0005   -0.0001   -0.0001    0.0003   -0.0002    0.0003    0.0001    0.0002   -0.0001   -0.0001    0.0001    0.0002    0.0004   -0.0005

  97 列から 112 列

   -0.0002   -0.0004    0.0005   -0.0004    0.0002    0.0004   -0.0003    0.0001   -0.0000    0.0001    0.0002   -0.0005   -0.0002    0.0001    0.0002    0.0002
   -0.0002   -0.0003    0.0005   -0.0004    0.0002    0.0004   -0.0003    0.0001   -0.0000    0.0001    0.0002   -0.0005   -0.0002    0.0001    0.0002    0.0002
   -0.0002   -0.0004    0.0005   -0.0004    0.0002    0.0004   -0.0003    0.0001   -0.0005    0.0001    0.0002   -0.0005    0.0002    0.0001   -0.0005    0.0002
   -0.0002   -0.0004    0.0005   -0.0004    0.0002    0.0004   -0.0003    0.0001   -0.0005    0.0001    0.0002   -0.0005    0.0002    0.0001   -0.0005    0.0002
   -0.0002   -0.0004   -0.0000   -0.0004    0.0002    0.0004   -0.0002    0.0001   -0.0000    0.0001    0.0004    0.0001   -0.0002    0.0000    0.0002    0.0002
   -0.0002   -0.0004   -0.0000   -0.0004   -0.0000    0.0004   -0.0002    0.0001   -0.0000    0.0001    0.0004   -0.0005   -0.0002    0.0000    0.0002    0.0002
   -0.0002   -0.0004    0.0005   -0.0002    0.0002    0.0004   -0.0003    0.0001   -0.0000    0.0001    0.0002   -0.0005   -0.0005    0.0001    0.0002    0.0002
   -0.0002   -0.0004    0.0005   -0.0002    0.0002    0.0004    0.0004    0.0001   -0.0000    0.0001    0.0002   -0.0005   -0.0005    0.0001    0.0002    0.0002
   -0.0004    0.0004    0.0005    0.0002    0.0005    0.0004   -0.0002   -0.0003   -0.0000   -0.0002   -0.0004   -0.0001   -0.0002    0.0003    0.0005    0.0000
   -0.0004    0.0004    0.0005    0.0002    0.0005   -0.0004   -0.0002   -0.0003   -0.0000   -0.0002   -0.0004   -0.0001   -0.0002    0.0003    0.0005    0.0000

  113 列から 128 列

   -0.0002   -0.0004    0.0002   -0.0002    0.0001   -0.0005    0.0001   -0.0001   -0.0003    0.0003    0.0003   -0.0000   -0.0003    0.0004   -0.0002    0.0004
   -0.0002   -0.0004    0.0002   -0.0002    0.0001   -0.0005    0.0001   -0.0001   -0.0003    0.0003    0.0003   -0.0000   -0.0003    0.0004   -0.0002   -0.0000
   -0.0002   -0.0003    0.0002    0.0001    0.0002   -0.0005    0.0001   -0.0001   -0.0003    0.0003    0.0003   -0.0000   -0.0003    0.0004    0.0003   -0.0003
   -0.0001   -0.0003    0.0002    0.0001    0.0002   -0.0005    0.0001   -0.0001   -0.0003    0.0003    0.0003   -0.0000   -0.0003    0.0004    0.0003    0.0001
    0.0004    0.0004   -0.0001   -0.0002    0.0000   -0.0005    0.0000   -0.0005    0.0000    0.0005    0.0003    0.0004   -0.0003   -0.0003   -0.0002    0.0004
    0.0004   -0.0004   -0.0001   -0.0002    0.0000   -0.0005    0.0000   -0.0005   -0.0003    0.0005    0.0003    0.0004   -0.0003   -0.0003   -0.0002    0.0004
   -0.0002   -0.0004    0.0002   -0.0002    0.0001   -0.0005    0.0001   -0.0001   -0.0003   -0.0005    0.0003   -0.0000   -0.0003    0.0004   -0.0002    0.0004
   -0.0000   -0.0004    0.0002   -0.0002    0.0001   -0.0005    0.0001   -0.0001   -0.0003   -0.0005    0.0003   -0.0000   -0.0003    0.0004   -0.0002    0.0004
    0.0004   -0.0004   -0.0001   -0.0002    0.0001   -0.0005    0.0000   -0.0005    0.0000    0.0005    0.0003   -0.0000   -0.0003   -0.0003    0.0005    0.0004
    0.0004   -0.0004   -0.0001   -0.0002    0.0001   -0.0005    0.0000   -0.0005   -0.0004    0.0005    0.0003   -0.0000   -0.0003   -0.0003    0.0005    0.0004

  129 列から 144 列

   -0.0001    0.0004    0.0004    0.0003    0.0002   -0.0001    0.0000   -0.0001   -0.0005   -0.0003   -0.0002   -0.0004    0.0000   -0.0002   -0.0001   -0.0002
   -0.0001    0.0004    0.0004    0.0003    0.0002   -0.0001    0.0000    0.0001   -0.0005   -0.0003   -0.0002   -0.0004    0.0000   -0.0002   -0.0001   -0.0002
   -0.0004    0.0004    0.0004    0.0003   -0.0001   -0.0001    0.0000    0.0003   -0.0004   -0.0003   -0.0002   -0.0004    0.0000   -0.0002   -0.0001   -0.0002
   -0.0004    0.0004    0.0004    0.0003    0.0005   -0.0001    0.0000   -0.0001   -0.0004   -0.0003   -0.0002   -0.0004    0.0000   -0.0002   -0.0001   -0.0002
    0.0003    0.0004   -0.0002    0.0004    0.0002   -0.0001    0.0000   -0.0001    0.0001   -0.0003   -0.0002   -0.0004    0.0001   -0.0002   -0.0001   -0.0002
    0.0004    0.0004   -0.0002    0.0004    0.0002   -0.0001    0.0000   -0.0001    0.0001   -0.0003   -0.0002   -0.0001    0.0001    0.0001   -0.0001   -0.0002
   -0.0001    0.0002    0.0004    0.0003    0.0002   -0.0001    0.0000   -0.0001   -0.0005   -0.0003   -0.0002   -0.0004    0.0000   -0.0002   -0.0001   -0.0002
   -0.0001    0.0002    0.0004    0.0003    0.0002   -0.0001    0.0000   -0.0001   -0.0005   -0.0003   -0.0002    0.0005    0.0000   -0.0002   -0.0001   -0.0002
    0.0005    0.0004    0.0004   -0.0003    0.0002   -0.0001    0.0000   -0.0001   -0.0005   -0.0003   -0.0002   -0.0004    0.0000    0.0001   -0.0001   -0.0002
    0.0005    0.0004    0.0004   -0.0003    0.0002   -0.0001    0.0003   -0.0001   -0.0005   -0.0003   -0.0002   -0.0004    0.0000    0.0001   -0.0001   -0.0002

  145 列から 160 列

   -0.0001    0.0005   -0.0001   -0.0000    0.0005    0.0002   -0.0005    0.0001    0.0002   -0.0003    0.0005    0.0005   -0.0000   -0.0001   -0.0002   -0.0004
   -0.0001    0.0005   -0.0001   -0.0000    0.0005    0.0002   -0.0005    0.0005    0.0002   -0.0003    0.0005    0.0005   -0.0000   -0.0001   -0.0002   -0.0004
   -0.0001    0.0005   -0.0001   -0.0000    0.0005    0.0002   -0.0005    0.0001    0.0002   -0.0003   -0.0001    0.0005   -0.0000   -0.0001   -0.0002   -0.0004
   -0.0001    0.0005   -0.0001   -0.0000    0.0005    0.0002   -0.0005    0.0001    0.0002   -0.0003   -0.0001    0.0005   -0.0000   -0.0001   -0.0002   -0.0004
    0.0003    0.0004   -0.0001   -0.0000    0.0005    0.0002   -0.0005    0.0001    0.0005   -0.0003    0.0005    0.0005   -0.0004   -0.0001    0.0003   -0.0004
    0.0003    0.0004   -0.0001   -0.0000    0.0005    0.0002   -0.0005    0.0001    0.0005   -0.0003    0.0005    0.0005   -0.0004   -0.0001    0.0003   -0.0004
   -0.0001    0.0005   -0.0001   -0.0000    0.0005    0.0002   -0.0000    0.0001    0.0002   -0.0003    0.0005    0.0002   -0.0000   -0.0001   -0.0002   -0.0004
   -0.0001    0.0005   -0.0001   -0.0000    0.0005    0.0002   -0.0000    0.0001    0.0002   -0.0003    0.0005    0.0005   -0.0000   -0.0001   -0.0002   -0.0004
    0.0003    0.0004   -0.0001   -0.0001    0.0005    0.0002   -0.0005    0.0001    0.0005   -0.0003    0.0005    0.0005    0.0001   -0.0001   -0.0002   -0.0004
    0.0003    0.0004   -0.0001   -0.0001    0.0005    0.0002   -0.0005    0.0001    0.0005   -0.0003    0.0005    0.0005    0.0002   -0.0001   -0.0002   -0.0004

  161 列から 176 列

   -0.0005   -0.0003    0.0002   -0.0002   -0.0003   -0.0004    0.0004    0.0003   -0.0003    0.0003    0.0005   -0.0005    0.0001   -0.0003    0.0002    0.0002
   -0.0005   -0.0003    0.0002   -0.0002   -0.0003   -0.0004    0.0004    0.0003   -0.0003    0.0003    0.0005   -0.0005    0.0001   -0.0003    0.0002    0.0002
   -0.0005    0.0005    0.0004   -0.0002    0.0000   -0.0004    0.0004    0.0003   -0.0003    0.0003    0.0002   -0.0005    0.0001   -0.0003    0.0002    0.0002
   -0.0005    0.0005    0.0002   -0.0002   -0.0003   -0.0004    0.0004    0.0003   -0.0003    0.0003    0.0002   -0.0005    0.0001   -0.0003    0.0002    0.0004
   -0.0005   -0.0003    0.0002   -0.0002   -0.0003    0.0003    0.0004    0.0003   -0.0003    0.0003   -0.0003   -0.0005    0.0001   -0.0004   -0.0002    0.0002
   -0.0005   -0.0003    0.0002   -0.0002   -0.0003    0.0003    0.0004    0.0003   -0.0003    0.0004   -0.0003   -0.0005    0.0001   -0.0004   -0.0002    0.0002
    0.0002   -0.0003    0.0002   -0.0002   -0.0003   -0.0004    0.0004    0.0003   -0.0003    0.0000    0.0005   -0.0005    0.0001   -0.0003    0.0002    0.0002
   -0.0005   -0.0003    0.0002   -0.0002   -0.0003   -0.0004    0.0004    0.0003   -0.0003    0.0000    0.0005   -0.0005    0.0001   -0.0003   -0.0001    0.0002
   -0.0005   -0.0003    0.0002   -0.0000   -0.0003   -0.0004   -0.0000    0.0003   -0.0003   -0.0003    0.0005   -0.0005    0.0001   -0.0004    0.0002    0.0002
   -0.0005   -0.0003    0.0002   -0.0000   -0.0003   -0.0004   -0.0000    0.0003   -0.0003   -0.0003    0.0005   -0.0005    0.0001   -0.0004    0.0002    0.0002

  177 列から 192 列

    0.0004   -0.0001    0.0002    0.0003   -0.0002   -0.0005   -0.0005    0.0004    0.0001   -0.0001   -0.0001    0.0004   -0.0002    0.0001   -0.0004   -0.0003
    0.0004   -0.0001    0.0002    0.0003   -0.0002   -0.0005   -0.0005    0.0004    0.0001   -0.0001   -0.0001    0.0004   -0.0002   -0.0002   -0.0004   -0.0003
    0.0004   -0.0001    0.0002    0.0001   -0.0002    0.0001   -0.0005    0.0004    0.0001   -0.0001   -0.0001    0.0004   -0.0002    0.0001   -0.0004   -0.0003
    0.0004    0.0003    0.0002    0.0001   -0.0002   -0.0005   -0.0005    0.0004    0.0001   -0.0001   -0.0001    0.0004   -0.0003    0.0001   -0.0004   -0.0003
    0.0004   -0.0002    0.0003    0.0003   -0.0002    0.0001   -0.0005    0.0000    0.0001    0.0005   -0.0001    0.0001   -0.0002    0.0001    0.0002    0.0004
   -0.0003   -0.0002    0.0002    0.0003   -0.0002    0.0001   -0.0005    0.0000    0.0001    0.0005   -0.0001    0.0001   -0.0002    0.0001    0.0002    0.0004
   -0.0002   -0.0001    0.0002    0.0004   -0.0002   -0.0005   -0.0005    0.0004    0.0001   -0.0001   -0.0001    0.0004   -0.0003    0.0001   -0.0004   -0.0003
    0.0004   -0.0001    0.0002    0.0004   -0.0002   -0.0005   -0.0005    0.0004    0.0001   -0.0001   -0.0001    0.0004   -0.0003    0.0001   -0.0004   -0.0003
    0.0004   -0.0001    0.0002    0.0003   -0.0005   -0.0005   -0.0005    0.0000    0.0001   -0.0004   -0.0001    0.0004   -0.0002    0.0001   -0.0004    0.0004
    0.0004   -0.0001    0.0002    0.0003   -0.0002   -0.0005   -0.0005    0.0000    0.0001   -0.0004   -0.0001    0.0004   -0.0001    0.0001   -0.0004    0.0004

  193 列から 208 列

    0.0004   -0.0001   -0.0001   -0.0000    0.0002   -0.0001    0.0003   -0.0004    0.0001    0.0004    0.0004    0.0004    0.0001    0.0004    0.0003    0.0000
    0.0004   -0.0001   -0.0001   -0.0000    0.0002   -0.0001    0.0003   -0.0004    0.0001    0.0004    0.0004    0.0004    0.0001    0.0004    0.0003    0.0000
    0.0004   -0.0001   -0.0001   -0.0000    0.0002   -0.0001    0.0003   -0.0004    0.0001    0.0004    0.0004    0.0004    0.0001    0.0004    0.0003    0.0000
    0.0004   -0.0001   -0.0001   -0.0000    0.0002   -0.0001    0.0003   -0.0004    0.0001    0.0004    0.0004    0.0004    0.0001    0.0004    0.0003    0.0000
    0.0004   -0.0001   -0.0002   -0.0003    0.0002   -0.0001    0.0002   -0.0004    0.0001   -0.0002    0.0004    0.0004    0.0002    0.0001    0.0002    0.0000
    0.0004   -0.0001    0.0001   -0.0003    0.0002   -0.0001    0.0002   -0.0004    0.0000   -0.0004    0.0004    0.0004    0.0002    0.0001    0.0002    0.0000
    0.0004   -0.0001   -0.0001   -0.0000    0.0002   -0.0001    0.0003   -0.0004    0.0001    0.0004   -0.0004    0.0004    0.0001    0.0003    0.0003    0.0000
    0.0004   -0.0001   -0.0001   -0.0000    0.0002   -0.0001    0.0003   -0.0004    0.0001    0.0004   -0.0004    0.0004    0.0001   -0.0004    0.0003    0.0000
    0.0000   -0.0001    0.0000   -0.0003    0.0002   -0.0000    0.0003   -0.0004    0.0001   -0.0004    0.0004    0.0001    0.0001    0.0003    0.0003    0.0000
    0.0000   -0.0001    0.0000   -0.0003    0.0002   -0.0001    0.0003   -0.0004    0.0001   -0.0004    0.0004    0.0001    0.0001    0.0003    0.0003    0.0000

  209 列から 224 列

   -0.0001   -0.0003    0.0003   -0.0003   -0.0004    0.0000    0.0004    0.0004   -0.0003   -0.0005    0.0001    0.0005    0.0002    0.0000   -0.0004   -0.0001
   -0.0001   -0.0003    0.0003   -0.0003   -0.0004    0.0000    0.0004    0.0004   -0.0003   -0.0005    0.0001    0.0005    0.0002    0.0000   -0.0004   -0.0001
   -0.0002   -0.0003    0.0003   -0.0003   -0.0004    0.0003    0.0001    0.0004   -0.0003   -0.0005    0.0001    0.0005    0.0001    0.0000   -0.0004   -0.0001
   -0.0002   -0.0003    0.0003   -0.0003   -0.0004    0.0003    0.0001    0.0004   -0.0003   -0.0005    0.0004    0.0005    0.0002    0.0000   -0.0004   -0.0001
   -0.0001   -0.0003    0.0003    0.0001   -0.0002   -0.0001    0.0004   -0.0005   -0.0003   -0.0000    0.0001    0.0005    0.0002    0.0000   -0.0004    0.0000
   -0.0001   -0.0003    0.0003    0.0001   -0.0002   -0.0001    0.0004   -0.0005   -0.0003   -0.0000    0.0001    0.0005    0.0002    0.0000   -0.0004    0.0000
   -0.0001   -0.0003    0.0003   -0.0001   -0.0003    0.0000    0.0004    0.0004   -0.0003   -0.0003    0.0001    0.0005    0.0002    0.0000    0.0004   -0.0001
   -0.0001   -0.0003    0.0003   -0.0001   -0.0004    0.0000    0.0001    0.0004   -0.0003   -0.0005    0.0001    0.0005    0.0002   -0.0001    0.0004   -0.0001
   -0.0001   -0.0003    0.0003   -0.0003   -0.0002   -0.0001    0.0004   -0.0005   -0.0003   -0.0001    0.0001    0.0005    0.0002    0.0000   -0.0000   -0.0003
   -0.0001   -0.0003    0.0003   -0.0003   -0.0002   -0.0001    0.0004   -0.0005   -0.0003   -0.0001    0.0001    0.0005    0.0002   -0.0005   -0.0000   -0.0003

  225 列から 240 列

   -0.0001   -0.0003   -0.0004   -0.0002   -0.0003    0.0004   -0.0002    0.0003    0.0003   -0.0003   -0.0000   -0.0004   -0.0001    0.0002   -0.0002    0.0001
   -0.0001   -0.0003   -0.0004   -0.0002   -0.0003    0.0004   -0.0002    0.0003    0.0003   -0.0003   -0.0000   -0.0004   -0.0001    0.0002   -0.0002    0.0001
   -0.0001   -0.0003   -0.0004    0.0003   -0.0003    0.0004   -0.0002    0.0001    0.0003   -0.0003   -0.0000   -0.0004   -0.0003    0.0002   -0.0002    0.0001
   -0.0001   -0.0003   -0.0004    0.0003   -0.0003    0.0004   -0.0002    0.0003    0.0003   -0.0003   -0.0000   -0.0004   -0.0003    0.0002   -0.0002    0.0005
   -0.0001   -0.0003   -0.0004   -0.0002   -0.0003    0.0004   -0.0002    0.0000   -0.0001   -0.0003   -0.0005   -0.0002   -0.0003    0.0002   -0.0002    0.0002
   -0.0001   -0.0003   -0.0004   -0.0002   -0.0003    0.0004   -0.0002    0.0000   -0.0001   -0.0003   -0.0005    0.0002   -0.0003    0.0002   -0.0002   -0.0002
   -0.0001   -0.0003   -0.0004   -0.0002   -0.0003    0.0004   -0.0002    0.0003    0.0003   -0.0003   -0.0000   -0.0004    0.0001    0.0002   -0.0002    0.0001
   -0.0001   -0.0003   -0.0004   -0.0002   -0.0003    0.0004   -0.0002    0.0003    0.0003   -0.0003   -0.0002   -0.0004    0.0001   -0.0004   -0.0002    0.0001
   -0.0001   -0.0003   -0.0003   -0.0002   -0.0003   -0.0001   -0.0002    0.0000    0.0003   -0.0003   -0.0005   -0.0004   -0.0001   -0.0001   -0.0002   -0.0002
   -0.0001   -0.0003   -0.0003   -0.0002    0.0003   -0.0000   -0.0002    0.0000    0.0003   -0.0003   -0.0005   -0.0004   -0.0001   -0.0001   -0.0002   -0.0002

  241 列から 256 列

    0.0003    0.0000    0.0002   -0.0000    0.0004    0.0005    0.0003   -0.0003    0.0003   -0.0000   -0.0003   -0.0002    0.0000   -0.0005   -0.0002   -0.0004
    0.0003    0.0000    0.0002   -0.0000    0.0004    0.0005    0.0003   -0.0003    0.0003   -0.0000   -0.0003   -0.0002    0.0000   -0.0005   -0.0002   -0.0004
    0.0003    0.0000    0.0002   -0.0000    0.0004    0.0005    0.0003   -0.0003    0.0003   -0.0000   -0.0003   -0.0002   -0.0003   -0.0005   -0.0002   -0.0004
   -0.0003    0.0000    0.0002   -0.0000    0.0004    0.0005    0.0003   -0.0003    0.0003   -0.0000   -0.0003   -0.0001   -0.0003   -0.0005   -0.0002   -0.0004
   -0.0001    0.0000    0.0002   -0.0002    0.0004    0.0005    0.0003   -0.0001    0.0004    0.0004   -0.0003    0.0001    0.0000   -0.0005   -0.0001   -0.0001
   -0.0001    0.0000    0.0002   -0.0002    0.0004    0.0005    0.0003   -0.0001    0.0004    0.0004   -0.0003    0.0001    0.0000   -0.0005   -0.0002    0.0002
    0.0003    0.0000    0.0002   -0.0000    0.0004    0.0002    0.0003   -0.0003    0.0003   -0.0000   -0.0003    0.0002    0.0000   -0.0005   -0.0002   -0.0004
    0.0003    0.0000    0.0002   -0.0000    0.0004    0.0005    0.0003   -0.0003    0.0003   -0.0000   -0.0003    0.0002    0.0000   -0.0005   -0.0002   -0.0004
    0.0003    0.0000    0.0002   -0.0002   -0.0005    0.0003    0.0003   -0.0003    0.0003    0.0004   -0.0003   -0.0002    0.0000   -0.0005   -0.0002    0.0004
    0.0003    0.0000    0.0002   -0.0002   -0.0005    0.0005   -0.0004   -0.0003    0.0003    0.0004   -0.0003   -0.0002    0.0000   -0.0005   -0.0002    0.0004

  257 列から 272 列

    0.0002    0.0003   -0.0003   -0.0001   -0.0003    0.0003    0.0004   -0.0001   -0.0002   -0.0003    0.0002    0.0004   -0.0003   -0.0004    0.0002   -0.0004
    0.0002    0.0003   -0.0003   -0.0001   -0.0003    0.0003    0.0004   -0.0001   -0.0002   -0.0003    0.0002   -0.0002   -0.0003   -0.0004    0.0002   -0.0004
    0.0002   -0.0005   -0.0003   -0.0001   -0.0003    0.0003    0.0004   -0.0001    0.0000   -0.0003    0.0004    0.0004   -0.0003   -0.0004    0.0002   -0.0004
    0.0002   -0.0001   -0.0003   -0.0001   -0.0003    0.0003    0.0004   -0.0001    0.0000   -0.0003    0.0004    0.0004   -0.0003   -0.0004    0.0002   -0.0004
   -0.0003   -0.0001   -0.0003   -0.0001   -0.0000    0.0003    0.0004   -0.0001    0.0002   -0.0003    0.0002    0.0004   -0.0003   -0.0004    0.0002   -0.0004
   -0.0004   -0.0001   -0.0003   -0.0001   -0.0000    0.0003    0.0004   -0.0001    0.0002   -0.0003    0.0002    0.0004   -0.0003   -0.0004    0.0002   -0.0004
    0.0002    0.0003   -0.0003   -0.0001   -0.0003    0.0003   -0.0004   -0.0001   -0.0002   -0.0003    0.0002    0.0001   -0.0003   -0.0004    0.0002   -0.0004
    0.0002    0.0003   -0.0003   -0.0001   -0.0003    0.0003   -0.0004   -0.0001   -0.0002    0.0003    0.0002    0.0004   -0.0003   -0.0004    0.0002   -0.0004
   -0.0002   -0.0004   -0.0003   -0.0004   -0.0000    0.0000    0.0004   -0.0001   -0.0002   -0.0003    0.0002    0.0004   -0.0003    0.0003    0.0002    0.0005
   -0.0002   -0.0004   -0.0003   -0.0004   -0.0000    0.0003    0.0004   -0.0001   -0.0002   -0.0003    0.0002    0.0004   -0.0003    0.0003    0.0002    0.0005

  273 列から 288 列

    0.0002    0.0001    0.0004    0.0002    0.0003   -0.0001   -0.0001   -0.0001    0.0004   -0.0004    0.0005    0.0003    0.0002    0.0003   -0.0003   -0.0002
   -0.0001    0.0001    0.0004    0.0002    0.0003   -0.0001   -0.0001   -0.0001    0.0004   -0.0004    0.0005    0.0003    0.0002    0.0003   -0.0003   -0.0002
    0.0002    0.0001    0.0004    0.0002    0.0003   -0.0001   -0.0001   -0.0001    0.0004   -0.0004    0.0005    0.0003    0.0000    0.0003   -0.0003   -0.0002
    0.0002    0.0001    0.0004    0.0002    0.0003   -0.0001   -0.0001   -0.0001    0.0004   -0.0004    0.0005    0.0003    0.0000    0.0003   -0.0003   -0.0002
    0.0002    0.0001    0.0004    0.0002    0.0003   -0.0001   -0.0001   -0.0001    0.0004   -0.0004   -0.0004    0.0003    0.0002   -0.0001    0.0002   -0.0003
    0.0002    0.0001    0.0004    0.0002    0.0003   -0.0001   -0.0001   -0.0001    0.0004   -0.0004   -0.0004    0.0003    0.0002   -0.0001    0.0002   -0.0003
    0.0002    0.0001    0.0004    0.0002    0.0003   -0.0001   -0.0004   -0.0001    0.0004   -0.0004    0.0005    0.0003    0.0002    0.0003   -0.0003   -0.0002
    0.0002    0.0001    0.0004    0.0002    0.0003   -0.0001   -0.0004   -0.0001    0.0004   -0.0004    0.0005    0.0003    0.0002    0.0003   -0.0003   -0.0002
    0.0002    0.0001    0.0004   -0.0005   -0.0002    0.0002    0.0004   -0.0002    0.0004   -0.0004    0.0001    0.0003    0.0002    0.0003   -0.0003   -0.0003
    0.0002    0.0001    0.0004    0.0002   -0.0002    0.0002    0.0004   -0.0002    0.0004   -0.0004    0.0002    0.0003    0.0002    0.0003   -0.0003   -0.0003

  289 列から 302 列

   -0.0002   -0.0004    0.0001    0.0002    0.0002   -0.0003    0.0005   -0.0001   -0.0002    0.0003   -0.0004    0.0003    0.0004  300.0100
   -0.0002   -0.0004    0.0001    0.0002    0.0002   -0.0003    0.0005   -0.0001   -0.0002    0.0003   -0.0004    0.0003    0.0004  300.0500
   -0.0002   -0.0005    0.0001    0.0002    0.0002   -0.0003    0.0005   -0.0001   -0.0002    0.0003   -0.0004    0.0003   -0.0003  300.1600
   -0.0002   -0.0005    0.0001    0.0002    0.0002   -0.0003    0.0005   -0.0001   -0.0002    0.0003   -0.0004    0.0003   -0.0003  300.0500
   -0.0002   -0.0002   -0.0004    0.0002    0.0003   -0.0003    0.0005    0.0001   -0.0002    0.0003   -0.0004   -0.0004    0.0004  300.0400
   -0.0002   -0.0002   -0.0004    0.0002    0.0003   -0.0003    0.0005    0.0001   -0.0002    0.0003   -0.0004   -0.0004    0.0004  337.9300
   -0.0002   -0.0005    0.0001    0.0002    0.0002   -0.0003    0.0005   -0.0001   -0.0002    0.0003   -0.0004    0.0003    0.0004  300.4300
   -0.0002   -0.0005    0.0001    0.0002    0.0002   -0.0003    0.0005   -0.0001   -0.0002    0.0003   -0.0004    0.0003    0.0004  300.0500
   -0.0002   -0.0004   -0.0001    0.0002    0.0003   -0.0003    0.0001   -0.0001   -0.0002    0.0001   -0.0004   -0.0004    0.0005  301.3700
   -0.0002   -0.0004   -0.0001    0.0002    0.0003   -0.0003    0.0001   -0.0001   -0.0002    0.0002   -0.0004   -0.0004    0.0005  300.0300

