     6

     0

     3

   1.0913e-06

     3

   4.5950e-06

     3

   1.0557e-05

     3

   1.8977e-05

     3

   2.9855e-05

     3

   4.3190e-05

     3

   5.8981e-05

     3

   7.7229e-05

     3

   9.7933e-05

     3

   1.2109e-04

     3

   1.4670e-04

     3

   1.7477e-04

     3

   2.0528e-04

     3

   2.3825e-04

     3

   2.7366e-04

     3

   3.1152e-04

     3

   3.5183e-04

     3

   3.9458e-04

     3

   4.3977e-04

     3

   4.8741e-04

     3

   5.3748e-04

     3

   5.8998e-04

     3

   6.4492e-04

     3

   7.0229e-04

     3

   7.6209e-04

     3

   8.2432e-04

     3

   8.8896e-04

     3

   9.5603e-04

     3

    0.0010

     3

    0.0011

     3

    0.0012

     3

    0.0012

     3

    0.0013

     3

    0.0014

     3

    0.0015

     3

    0.0016

     3

    0.0017

     3

    0.0018

     3

    0.0019

     3

    0.0019

     3

    0.0020

     3

    0.0021

     3

    0.0022

     3

    0.0024

     3

    0.0025

     3

    0.0026

     3

    0.0027

     3

    0.0028

     3

    0.0029

     3

    0.0030

     3

    0.0032

     3

    0.0033

     3

    0.0034

     3

    0.0035

     3

    0.0037

     3

    0.0038

     3

    0.0039

     3

    0.0041

     3

    0.0042

     3

    0.0043

     3

    0.0045

     3

    0.0046

     3

    0.0048

     3

    0.0049

     3

    0.0051

     3

    0.0052

     3

    0.0054

     3

    0.0056

     3

    0.0057

     3

    0.0059

     3

    0.0060

     3

    0.0062

     3

    0.0064

     1

    0.0065

     1

    0.0067

     1

    0.0069

     1

    0.0070

     1

    0.0072

     1

    0.0074

     1

    0.0076

     1

    0.0077

     1

    0.0079

     1

    0.0081

     1

    0.0082

     1

    0.0084

     1

    0.0086

     1

    0.0087

     1

    0.0089

     1

    0.0091

     1

    0.0092

     1

    0.0094

     1

    0.0096

     1

    0.0097

     1

    0.0099

     1

    0.0101

     1

    0.0103

     1

    0.0104

     1

    0.0106

     1

    0.0108

     1

    0.0109

     1

    0.0111

     1

    0.0113

     1

    0.0114

     1

    0.0116

     1

    0.0118

     1

    0.0119

     1

    0.0121

     1

    0.0123

     1

    0.0124

     1

    0.0126

     1

    0.0128

     1

    0.0129

     1

    0.0131

     1

    0.0133

     1

    0.0135

     1

    0.0136

     1

    0.0138

     1

    0.0140

     1

    0.0141

     1

    0.0143

     1

    0.0145

     1

    0.0146

     1

    0.0148

     1

    0.0150

     1

    0.0151

     1

    0.0153

     1

    0.0155

     1

    0.0156

     1

    0.0158

     1

    0.0160

     1

    0.0162

     1

    0.0163

     1

    0.0165

     1

    0.0167

     1

    0.0168

     1

    0.0170

     1

    0.0172

     1

    0.0173

     1

    0.0175

     1

    0.0177

     1

    0.0178

     1

    0.0180

     1

    0.0182

     1

    0.0183

     1

    0.0185

     1

    0.0187

     1

    0.0188

     1

    0.0190

     1

    0.0192

     1

    0.0194

     1

    0.0195

     1

    0.0197

     1

    0.0199

     1

    0.0200

     1

    0.0202

     1

    0.0204

     1

    0.0205

     1

    0.0207

     1

    0.0209

     1

    0.0210

     1

    0.0212

     1

    0.0214

     1

    0.0215

     1

    0.0217

     1

    0.0219

     1

    0.0221

     1

    0.0222

     1

    0.0224

     1

    0.0226

     1

    0.0227

     1

    0.0229

     1

    0.0231

     1

    0.0232

     1

    0.0234

     1

    0.0236

     1

    0.0237

     1

    0.0239

     1

    0.0241

     1

    0.0242

     1

    0.0244

     1

    0.0246

     1

    0.0247

     1

    0.0249

     1

    0.0251

     1

    0.0253

     1

    0.0254

     1

    0.0256

     1

    0.0258

     1

    0.0259

     1

    0.0261

     1

    0.0263

     1

    0.0264

     1

    0.0266

     1

    0.0268

     1

    0.0269

     1

    0.0271

     1

    0.0273

     1

    0.0274

     1

    0.0276

     1

    0.0278

     1

    0.0280

     1

    0.0281

     1

    0.0283

     1

    0.0285

     1

    0.0286

     1

    0.0288

     1

    0.0290

     1

    0.0291

     1

    0.0293

     1

    0.0295

     1

    0.0296

     1

    0.0298

     1

    0.0300

     1

    0.0301

     1

    0.0303

     1

    0.0305

     1

    0.0306

     1

    0.0308

     1

    0.0310

     1

    0.0312

     1

    0.0313

     1

    0.0315

     1

    0.0317

     1

    0.0318

     1

    0.0320

     1

    0.0322

     1

    0.0323

     1

    0.0325

     1

    0.0327

     1

    0.0328

     1

    0.0330

     1

    0.0332

     1

    0.0333

     1

    0.0335

     1

    0.0337

     1

    0.0339

     1

    0.0340

     1

    0.0342

     1

    0.0344

     1

    0.0345

     1

    0.0347

     1

    0.0349

     1

    0.0350

     1

    0.0352

     1

    0.0354

     1

    0.0355

     1

    0.0357

     1

    0.0359

     1

    0.0360

     1

    0.0362

     1

    0.0364

     1

    0.0365

     1

    0.0367

     1

    0.0369

     1

    0.0371

     1

    0.0372

     1

    0.0374

     1

    0.0376

     1

    0.0377

     1

    0.0379

     1

    0.0381

     1

    0.0382

     1

    0.0384

     1

    0.0386

     1

    0.0387

     1

    0.0389

     1

    0.0391

     1

    0.0392

     1

    0.0394

     1

    0.0396

     1

    0.0398

     1

    0.0399

     1

    0.0401

     1

    0.0403

     1

    0.0404

     1

    0.0406

     1

    0.0408

     1

    0.0409

     1

    0.0411

     1

    0.0413

     1

    0.0414

     1

    0.0416

     1

    0.0418

     1

    0.0419

     1

    0.0421

     1

    0.0423

     1

    0.0424

     1

    0.0426

     1

    0.0428

     1

    0.0430

     1

    0.0431

     1

    0.0433

     1

    0.0435

     1

    0.0436

     1

    0.0438

     1

    0.0440

     1

    0.0441

     1

    0.0443

     1

    0.0445

     1

    0.0446

     1

    0.0448

     1

    0.0450

     1

    0.0451

     1

    0.0453

     1

    0.0455

     1

    0.0457

     1

    0.0458

     1

    0.0460

     1

    0.0462

     1

    0.0463

     1

    0.0465

     1

    0.0467

     1

    0.0468

     1

    0.0470

     1

    0.0472

     1

    0.0473

     1

    0.0475

     1

    0.0477

     1

    0.0478

     1

    0.0480

     1

    0.0482

     1

    0.0483

     1

    0.0485

     1

    0.0487

     1

    0.0489

     1

    0.0490

     1

    0.0492

     1

    0.0494

     1

    0.0495

     1

    0.0497

     1

    0.0499

     1

    0.0500

     1

    0.0502

     1

    0.0504

     1

    0.0505

     1

    0.0507

     1

    0.0509

     1

    0.0510

     1

    0.0512

     1

    0.0514

     1

    0.0516

     1

    0.0517

     1

    0.0519

     1

    0.0521

     1

    0.0522

     1

    0.0524

     1

    0.0526

     1

    0.0527

     1

    0.0529

     1

    0.0531

     1

    0.0532

     1

    0.0534

     1

    0.0536

     1

    0.0537

     1

    0.0539

     1

    0.0541

     1

    0.0542

     1

    0.0544

     1

    0.0546

     1

    0.0548

     1

    0.0549

     1

    0.0551

     1

    0.0553

     1

    0.0554

     1

    0.0556

     1

    0.0558

     1

    0.0559

     1

    0.0561

     1

    0.0563

     1

    0.0564

     1

    0.0566

     1

    0.0568

     1

    0.0569

     1

    0.0571

     1

    0.0573

     1

    0.0575

     1

    0.0576

     1

    0.0578

     1

    0.0580

     1

    0.0581

     1

    0.0583

     1

    0.0585

     1

    0.0586

     1

    0.0588

     1

    0.0590

     1

    0.0591

     1

    0.0593

     1

    0.0595

     1

    0.0596

     1

    0.0598

     1

    0.0600

     1

    0.0601

     1

    0.0603

     1

    0.0605

     1

    0.0607

     1

    0.0608

     1

    0.0610

     1

    0.0612

     1

    0.0613

     1

    0.0615

     1

    0.0617

     1

    0.0618

     1

    0.0620

     1

    0.0622

     1

    0.0623

     1

    0.0625

     1

    0.0627

     1

    0.0628

     1

    0.0630

     1

    0.0632

     1

    0.0634

     1

    0.0635

     1

    0.0637

     1

    0.0639

     1

    0.0640

     1

    0.0642

     1

    0.0644

     1

    0.0645

     1

    0.0647

     1

    0.0649

     1

    0.0650

     1

    0.0652

     1

    0.0654

     1

    0.0655

     1

    0.0657

     1

    0.0659

     1

    0.0660

     1

    0.0662

     1

    0.0664

     1

    0.0666

     1

    0.0667

     1

    0.0669

     1

    0.0671

     1

    0.0672

     1

    0.0674

     1

    0.0676

     1

    0.0677

     1

    0.0679

     1

    0.0681

     1

    0.0682

     1

    0.0684

     1

    0.0686

     1

    0.0687

     1

    0.0689

     1

    0.0691

     1

    0.0693

     1

    0.0694

     1

    0.0696

     1

    0.0698

     1

    0.0699

     1

    0.0701

     1

    0.0703

     1

    0.0704

     1

    0.0706

     1

    0.0708

     1

    0.0709

     1

    0.0711

     1

    0.0713

     1

    0.0714

     1

    0.0716

     1

    0.0718

     1

    0.0719

     1

    0.0721

     1

    0.0723

     1

    0.0725

     1

    0.0726

     1

    0.0728

     1

    0.0730

     1

    0.0731

     1

    0.0733

     1

    0.0735

     1

    0.0736

     1

    0.0738

     1

    0.0740

     1

    0.0741

     1

    0.0743

     1

    0.0745

     1

    0.0746

     1

    0.0748

     1

    0.0750

     1

    0.0752

     1

    0.0753

     1

    0.0755

     1

    0.0757

     1

    0.0758

     1

    0.0760

     1

    0.0762

     1

    0.0763

     1

    0.0765

     1

    0.0767

     1

    0.0768

     1

    0.0770

     1

    0.0772

     1

    0.0773

     1

    0.0775

     1

    0.0777

     1

    0.0778

     1

    0.0780

     1

    0.0782

     1

    0.0784

     1

    0.0785

     1

    0.0787

     1

    0.0789

     1

    0.0790

     1

    0.0792

     1

    0.0794

     1

    0.0795

     1

    0.0797

     1

    0.0799

     1

    0.0800

     1

    0.0802

     1

    0.0804

     1

    0.0805

     1

    0.0807

     1

    0.0809

     1

    0.0811

     1

    0.0812

     1

    0.0814

     1

    0.0816

     1

    0.0817

     1

    0.0819

     1

    0.0821

     1

    0.0822

     1

    0.0824

     1

    0.0826

     1

    0.0827

     1

    0.0829

     1

    0.0831

     1

    0.0832

     1

    0.0834

     1

    0.0836

     1

    0.0837

     1

    0.0839

     1

    0.0841

     1

    0.0843

     1

    0.0844

     1

    0.0846

     1

    0.0848

     1

    0.0849

     1

    0.0851

     1

    0.0853

     1

    0.0854

     1

    0.0856

     1

    0.0858

     1

    0.0859

     1

    0.0861

     1

    0.0863

     1

    0.0864

     1

    0.0866

     1

    0.0868

     1

    0.0870

     1

    0.0871

     1

    0.0873

     1

    0.0875

     1

    0.0876

     1

    0.0878

     1

    0.0880

     1

    0.0881

     1

    0.0883

     1

    0.0885

     1

    0.0886

     1

    0.0888

     1

    0.0890

     1

    0.0891

     1

    0.0893

     1

    0.0895

     1

    0.0896

     1

    0.0898

     1

    0.0900

     1

    0.0902

     1

    0.0903

     1

    0.0905

     1

    0.0907

     1

    0.0908

     1

    0.0910

     1

    0.0912

     1

    0.0913

     1

    0.0915

     1

    0.0917

     1

    0.0918

     1

    0.0920

     1

    0.0922

     1

    0.0923

     1

    0.0925

     1

    0.0927

     1

    0.0929

     1

    0.0930

     1

    0.0932

     1

    0.0934

     1

    0.0935

     1

    0.0937

     1

    0.0939

     1

    0.0940

     1

    0.0942

     1

    0.0944

     1

    0.0945

     1

    0.0947

     1

    0.0949

     1

    0.0950

     1

    0.0952

     1

    0.0954

     1

    0.0955

     1

    0.0957

     1

    0.0959

     1

    0.0961

     1

    0.0962

     1

    0.0964

     1

    0.0966

     1

    0.0967

     1

    0.0969

     1

    0.0971

     1

    0.0972

     1

    0.0974

     1

    0.0976

     1

    0.0977

     1

    0.0979

     1

    0.0981

     1

    0.0982

     1

    0.0984

     1

    0.0986

     1

    0.0988

     1

    0.0989

     1

    0.0991

     1

    0.0993

     1

    0.0994

     1

    0.0996

     1

    0.0998

     1

    0.0999

     1

    0.1001

     1

    0.1003

     1

    0.1004

     1

    0.1006

     1

    0.1008

     1

    0.1009

     1

    0.1011

     1

    0.1013

     1

    0.1014

     1

    0.1016

     1

    0.1018

     1

    0.1020

     1

    0.1021

     3

    0.1023

     1

    0.1021

     1

    0.1020

     1

    0.1018

     1

    0.1017

     1

    0.1015

     1

    0.1014

     1

    0.1012

     1

    0.1011

     1

    0.1009

     1

    0.1008

     1

    0.1006

     1

    0.1005

     1

    0.1003

     1

    0.1002

     1

    0.1000

     1

    0.0999

     1

    0.0997

     1

    0.0996

     1

    0.0994

     1

    0.0993

     1

    0.0991

     1

    0.0990

     1

    0.0988

     1

    0.0987

     1

    0.0986

     1

    0.0984

     1

    0.0983

     1

    0.0981

     1

    0.0980

     1

    0.0978

     1

    0.0977

     1

    0.0975

     1

    0.0974

     1

    0.0972

     1

    0.0971

     1

    0.0969

     1

    0.0968

     1

    0.0966

     1

    0.0965

     1

    0.0963

     1

    0.0962

     1

    0.0960

     1

    0.0959

     1

    0.0957

     1

    0.0956

     1

    0.0954

     1

    0.0953

     1

    0.0951

     1

    0.0950

     1

    0.0948

     1

    0.0947

     1

    0.0945

     1

    0.0944

     1

    0.0942

     1

    0.0941

     1

    0.0940

     1

    0.0938

     1

    0.0937

     1

    0.0935

     1

    0.0934

     1

    0.0932

     1

    0.0931

     1

    0.0929

     1

    0.0928

     1

    0.0926

     1

    0.0925

     1

    0.0923

     1

    0.0922

     1

    0.0920

     1

    0.0919

     1

    0.0917

     1

    0.0916

     1

    0.0914

     1

    0.0913

     1

    0.0911

     1

    0.0910

     1

    0.0908

     1

    0.0907

     1

    0.0905

     1

    0.0904

     1

    0.0902

     1

    0.0901

     1

    0.0899

     1

    0.0898

     1

    0.0897

     1

    0.0895

     1

    0.0894

     1

    0.0892

     1

    0.0891

     1

    0.0889

     1

    0.0888

     1

    0.0886

     1

    0.0885

     1

    0.0883

     1

    0.0882

     1

    0.0880

     1

    0.0879

     1

    0.0877

     1

    0.0876

     1

    0.0874

     1

    0.0873

     1

    0.0871

     1

    0.0870

     1

    0.0868

     1

    0.0867

     1

    0.0865

     1

    0.0864

     1

    0.0862

     1

    0.0861

     1

    0.0859

     1

    0.0858

     1

    0.0856

     1

    0.0855

     1

    0.0854

     1

    0.0852

     1

    0.0851

     1

    0.0849

     1

    0.0848

     1

    0.0846

     1

    0.0845

     1

    0.0843

     1

    0.0842

     1

    0.0840

     1

    0.0839

     1

    0.0837

     1

    0.0836

     1

    0.0834

     1

    0.0833

     1

    0.0831

     1

    0.0830

     1

    0.0828

     1

    0.0827

     1

    0.0825

     1

    0.0824

     1

    0.0822

     1

    0.0821

     1

    0.0819

     1

    0.0818

     1

    0.0816

     1

    0.0815

     1

    0.0813

     1

    0.0812

     1

    0.0811

     1

    0.0809

     1

    0.0808

     1

    0.0806

     1

    0.0805

     1

    0.0803

     1

    0.0802

     1

    0.0800

     1

    0.0799

     1

    0.0797

     1

    0.0796

     1

    0.0794

     1

    0.0793

     1

    0.0791

     1

    0.0790

     1

    0.0788

     1

    0.0787

     1

    0.0785

     1

    0.0784

     1

    0.0782

     1

    0.0781

     1

    0.0779

     1

    0.0778

     1

    0.0776

     1

    0.0775

     1

    0.0773

     1

    0.0772

     1

    0.0770

     1

    0.0769

     1

    0.0768

     1

    0.0766

     1

    0.0765

     1

    0.0763

     1

    0.0762

     1

    0.0760

     1

    0.0759

     1

    0.0757

     1

    0.0756

     1

    0.0754

     1

    0.0753

     1

    0.0751

     1

    0.0750

     1

    0.0748

     1

    0.0747

     1

    0.0745

     1

    0.0744

     1

    0.0742

     1

    0.0741

     1

    0.0739

     1

    0.0738

     1

    0.0736

     1

    0.0735

     1

    0.0733

     1

    0.0732

     1

    0.0730

     1

    0.0729

     1

    0.0727

     1

    0.0726

     1

    0.0724

     1

    0.0723

     1

    0.0722

     1

    0.0720

     1

    0.0719

     1

    0.0717

     1

    0.0716

     1

    0.0714

     1

    0.0713

     1

    0.0711

     1

    0.0710

     1

    0.0708

     1

    0.0707

     1

    0.0705

     1

    0.0704

     1

    0.0702

     1

    0.0701

     1

    0.0699

     1

    0.0698

     1

    0.0696

     1

    0.0695

     1

    0.0693

     1

    0.0692

     1

    0.0690

     1

    0.0689

     1

    0.0687

     1

    0.0686

     1

    0.0684

     1

    0.0683

     1

    0.0681

     1

    0.0680

     1

    0.0679

     1

    0.0677

     1

    0.0676

     1

    0.0674

     1

    0.0673

     1

    0.0671

     1

    0.0670

     1

    0.0668

     1

    0.0667

     1

    0.0665

     1

    0.0664

     1

    0.0662

     1

    0.0661

     1

    0.0659

     1

    0.0658

     1

    0.0656

     1

    0.0655

     1

    0.0653

     1

    0.0652

     1

    0.0650

     1

    0.0649

     1

    0.0647

     1

    0.0646

     1

    0.0644

     1

    0.0643

     1

    0.0641

     1

    0.0640

     1

    0.0638

     1

    0.0637

     1

    0.0636

     1

    0.0634

     1

    0.0633

     1

    0.0631

     1

    0.0630

     1

    0.0628

     1

    0.0627

     1

    0.0625

     1

    0.0624

     1

    0.0622

     1

    0.0621

     1

    0.0619

     1

    0.0618

     1

    0.0616

     1

    0.0615

     1

    0.0613

     1

    0.0612

     1

    0.0610

     1

    0.0609

     1

    0.0607

     1

    0.0606

     1

    0.0604

     1

    0.0603

     1

    0.0601

     1

    0.0600

     1

    0.0598

     1

    0.0597

     1

    0.0595

     1

    0.0594

     1

    0.0593

     1

    0.0591

     1

    0.0590

     1

    0.0588

     1

    0.0587

     1

    0.0585

     1

    0.0584

     1

    0.0582

     1

    0.0581

     1

    0.0579

     1

    0.0578

     1

    0.0576

     1

    0.0575

     1

    0.0573

     1

    0.0572

     1

    0.0570

     1

    0.0569

     1

    0.0567

     1

    0.0566

     1

    0.0564

     1

    0.0563

     1

    0.0561

     1

    0.0560

     1

    0.0558

     1

    0.0557

     1

    0.0555

     1

    0.0554

     1

    0.0552

     1

    0.0551

     1

    0.0550

     1

    0.0548

     1

    0.0547

     1

    0.0545

     1

    0.0544

     1

    0.0542

     1

    0.0541

     1

    0.0539

     1

    0.0538

     1

    0.0536

     1

    0.0535

     1

    0.0533

     1

    0.0532

     1

    0.0530

     1

    0.0529

     1

    0.0527

     1

    0.0526

     1

    0.0524

     1

    0.0523

     1

    0.0521

     1

    0.0520

     1

    0.0518

     1

    0.0517

     1

    0.0515

     1

    0.0514

     1

    0.0512

     1

    0.0511

     1

    0.0509

     1

    0.0508

     1

    0.0506

     1

    0.0505

     1

    0.0504

     1

    0.0502

     1

    0.0501

     1

    0.0499

     1

    0.0498

     1

    0.0496

     1

    0.0495

     1

    0.0493

     1

    0.0492

     1

    0.0490

     1

    0.0489

     1

    0.0487

     1

    0.0486

     1

    0.0484

     1

    0.0483

     1

    0.0481

     1

    0.0480

     1

    0.0478

     1

    0.0477

     1

    0.0475

     1

    0.0474

     1

    0.0472

     1

    0.0471

     1

    0.0469

     1

    0.0468

     1

    0.0466

     1

    0.0465

     1

    0.0463

     1

    0.0462

     1

    0.0461

     1

    0.0459

     1

    0.0458

     1

    0.0456

     1

    0.0455

     1

    0.0453

     1

    0.0452

     1

    0.0450

     1

    0.0449

     1

    0.0447

     1

    0.0446

     1

    0.0444

     1

    0.0443

     1

    0.0441

     1

    0.0440

     1

    0.0438

     1

    0.0437

     1

    0.0435

     1

    0.0434

     1

    0.0432

     1

    0.0431

     1

    0.0429

     1

    0.0428

     1

    0.0426

     1

    0.0425

     1

    0.0423

     1

    0.0422

     1

    0.0420

     1

    0.0419

     1

    0.0418

     1

    0.0416

     1

    0.0415

     1

    0.0413

     1

    0.0412

     1

    0.0410

     1

    0.0409

     1

    0.0407

     1

    0.0406

     1

    0.0404

     1

    0.0403

     1

    0.0401

     1

    0.0400

     1

    0.0398

     1

    0.0397

     1

    0.0395

     1

    0.0394

     1

    0.0392

     1

    0.0391

     1

    0.0389

     1

    0.0388

     1

    0.0386

     1

    0.0385

     1

    0.0383

     1

    0.0382

     1

    0.0380

     1

    0.0379

     1

    0.0377

     1

    0.0376

     1

    0.0375

     1

    0.0373

     1

    0.0372

     1

    0.0370

     1

    0.0369

     1

    0.0367

     1

    0.0366

     1

    0.0364

     1

    0.0363

     1

    0.0361

     1

    0.0360

     1

    0.0358

     1

    0.0357

     1

    0.0355

     1

    0.0354

     1

    0.0352

     1

    0.0351

     1

    0.0349

     1

    0.0348

     1

    0.0346

     1

    0.0345

     1

    0.0343

     1

    0.0342

     1

    0.0340

     1

    0.0339

     1

    0.0337

     1

    0.0336

     1

    0.0334

     1

    0.0333

     1

    0.0332

     1

    0.0330

     1

    0.0329

     1

    0.0327

     1

    0.0326

     1

    0.0324

     1

    0.0323

     1

    0.0321

     1

    0.0320

     1

    0.0318

     1

    0.0317

     1

    0.0315

     1

    0.0314

     1

    0.0312

     1

    0.0311

     1

    0.0309

     1

    0.0308

     1

    0.0306

     1

    0.0305

     1

    0.0303

     1

    0.0302

     1

    0.0300

     1

    0.0299

     1

    0.0297

     1

    0.0296

     1

    0.0294

     1

    0.0293

     1

    0.0291

     1

    0.0290

     1

    0.0288

     1

    0.0287

     1

    0.0286

     1

    0.0284

     1

    0.0283

     1

    0.0281

     1

    0.0280

     1

    0.0278

     1

    0.0277

     1

    0.0275

     1

    0.0274

     1

    0.0272

     1

    0.0271

     1

    0.0269

     1

    0.0268

     1

    0.0266

     1

    0.0265

     1

    0.0263

     1

    0.0262

     1

    0.0260

     1

    0.0259

     1

    0.0257

     1

    0.0256

     1

    0.0254

     1

    0.0253

     1

    0.0251

     1

    0.0250

     1

    0.0248

     1

    0.0247

     1

    0.0245

     1

    0.0244

     1

    0.0243

     1

    0.0241

     1

    0.0240

     1

    0.0238

     1

    0.0237

     1

    0.0235

     1

    0.0234

     1

    0.0232

     1

    0.0231

     1

    0.0229

     1

    0.0228

     1

    0.0226

     1

    0.0225

     1

    0.0223

     1

    0.0222

     1

    0.0220

     1

    0.0219

     1

    0.0217

     1

    0.0216

     1

    0.0214

     1

    0.0213

     1

    0.0211

     1

    0.0210

     1

    0.0208

     1

    0.0207

     1

    0.0205

     1

    0.0204

     1

    0.0202

     1

    0.0201

     1

    0.0200

     1

    0.0198

     1

    0.0197

     1

    0.0195

     1

    0.0194

     1

    0.0192

     1

    0.0191

     1

    0.0189

     1

    0.0188

     1

    0.0186

     1

    0.0185

     1

    0.0183

     1

    0.0182

     1

    0.0180

     1

    0.0179

     1

    0.0177

     1

    0.0176

     1

    0.0174

     1

    0.0173

     1

    0.0171

     1

    0.0170

     1

    0.0168

     1

    0.0167

     1

    0.0165

     1

    0.0164

     1

    0.0162

     1

    0.0161

     1

    0.0159

     1

    0.0158

     1

    0.0157

     1

    0.0155

     1

    0.0154

     1

    0.0152

     1

    0.0151

     1

    0.0149

     1

    0.0148

     1

    0.0146

     1

    0.0145

     1

    0.0143

     1

    0.0142

     1

    0.0140

     1

    0.0139

     1

    0.0137

     1

    0.0136

     1

    0.0134

     1

    0.0133

     1

    0.0131

     1

    0.0130

     1

    0.0128

     1

    0.0127

     1

    0.0125

     1

    0.0124

     1

    0.0122

     1

    0.0121

     1

    0.0119

     1

    0.0118

     1

    0.0116

     1

    0.0115

     1

    0.0114

     1

    0.0112

     1

    0.0111

     1

    0.0109

     1

    0.0108

     1

    0.0106

     1

    0.0105

     1

    0.0103

     1

    0.0102

     1

    0.0100

     1

    0.0099

     1

    0.0097

     1

    0.0096

     1

    0.0094

     1

    0.0093

     1

    0.0091

     1

    0.0090

     1

    0.0088

     1

    0.0087

     1

    0.0085

     1

    0.0084

     1

    0.0082

     1

    0.0081

     1

    0.0079

     1

    0.0078

     1

    0.0076

     1

    0.0075

     1

    0.0073

     1

    0.0072

     1

    0.0070

     1

    0.0069

     1

    0.0068

     1

    0.0066

     1

    0.0065

     1

    0.0063

     1

    0.0062

     1

    0.0060

     1

    0.0059

     1

    0.0057

     1

    0.0056

     1

    0.0054

     1

    0.0053

     1

    0.0051

     1

    0.0050

     1

    0.0048

     1

    0.0047

     1

    0.0045

     1

    0.0044

     1

    0.0042

     1

    0.0041

     1

    0.0039

     1

    0.0038

     1

    0.0036

     1

    0.0035

     1

    0.0033

     1

    0.0032

     1

    0.0030

     1

    0.0029

     1

    0.0027

     1

    0.0026

     1

    0.0025

     1

    0.0023

     1

    0.0022

     1

    0.0020

     1

    0.0019

     1

    0.0017

     1

    0.0016

     1

    0.0014

     1

    0.0013

     1

    0.0013

     1

    0.0013

     1

    0.0013

     1

    0.0013

     1

    0.0013

     1

    0.0012

     1

    0.0012

     1

    0.0012

     1

    0.0012

     1

    0.0012

     1

    0.0012

     1

    0.0011

     1

    0.0011

     1

    0.0011

     1

    0.0011

     1

    0.0011

     1

    0.0011

     1

    0.0010

     1

    0.0010

     1

    0.0010

     1

   9.9416e-04

     1

   9.7745e-04

     1

   9.6075e-04

     1

   9.4404e-04

     3

   9.0518e-04

     3

   6.6821e-04

     1

   4.3269e-04

     1

   1.9719e-04

     1

  -3.8312e-05

     1

  -2.7381e-04

     1

  -5.0931e-04

     1

  -7.4481e-04

     1

  -9.8032e-04

     1

   -0.0012

     1

   -0.0015

     1

   -0.0017

     1

   -0.0019

     1

   -0.0022

     1

   -0.0024

     1

   -0.0026

     1

   -0.0029

     1

   -0.0031

     1

   -0.0033

     1

   -0.0036

     1

   -0.0038

     1

   -0.0040

     1

   -0.0043

     1

   -0.0045

     1

   -0.0047

     1

   -0.0050

     1

   -0.0052

     1

   -0.0055

     1

   -0.0057

     1

   -0.0059

     1

   -0.0062

     1

   -0.0064

     1

   -0.0066

     1

   -0.0069

     1

   -0.0071

     1

   -0.0073

     1

   -0.0076

     1

   -0.0078

     1

   -0.0080

     1

   -0.0083

     1

   -0.0085

     1

   -0.0088

     1

   -0.0090

     1

   -0.0092

     1

   -0.0095

     1

   -0.0097

     1

   -0.0099

     1

   -0.0102

     1

   -0.0104

     1

   -0.0106

     1

   -0.0109

     1

   -0.0111

     1

   -0.0113

     1

   -0.0116

     1

   -0.0118

     1

   -0.0120

     1

   -0.0123

     1

   -0.0125

     1

   -0.0128

     1

   -0.0130

     1

   -0.0132

     1

   -0.0135

     1

   -0.0137

     1

   -0.0139

     1

   -0.0142

     1

   -0.0144

     1

   -0.0146

     1

   -0.0149

     1

   -0.0151

     1

   -0.0153

     1

   -0.0156

     1

   -0.0158

     1

   -0.0161

     1

   -0.0163

     1

   -0.0165

     1

   -0.0168

     1

   -0.0170

     1

   -0.0172

     1

   -0.0175

     1

   -0.0177

     1

   -0.0179

     1

   -0.0182

     1

   -0.0184

     1

   -0.0186

     1

   -0.0189

     1

   -0.0191

     1

   -0.0193

     1

   -0.0196

     1

   -0.0198

     1

   -0.0201

     1

   -0.0203

     1

   -0.0205

     1

   -0.0208

     1

   -0.0210

     1

   -0.0212

     1

   -0.0215

     1

   -0.0217

     1

   -0.0219

     1

   -0.0222

     1

   -0.0224

     1

   -0.0226

     1

   -0.0229

     1

   -0.0231

     1

   -0.0234

     1

   -0.0236

     1

   -0.0238

     1

   -0.0241

     1

   -0.0243

     1

   -0.0245

     1

   -0.0248

     1

   -0.0250

     1

   -0.0252

     1

   -0.0255

     1

   -0.0257

     1

   -0.0259

     1

   -0.0262

     1

   -0.0264

     1

   -0.0266

     1

   -0.0269

     1

   -0.0271

     1

   -0.0274

     1

   -0.0276

     1

   -0.0278

     1

   -0.0281

     1

   -0.0283

     1

   -0.0285

     1

   -0.0288

     1

   -0.0290

     1

   -0.0292

     1

   -0.0295

     1

   -0.0297

     1

   -0.0299

     1

   -0.0302

     1

   -0.0304

     1

   -0.0307

     1

   -0.0309

     1

   -0.0311

     1

   -0.0314

     1

   -0.0316

     1

   -0.0318

     1

   -0.0321

     1

   -0.0323

     1

   -0.0325

     1

   -0.0328

     1

   -0.0330

     1

   -0.0332

     1

   -0.0335

     1

   -0.0337

     1

   -0.0340

     1

   -0.0342

     1

   -0.0344

     1

   -0.0347

     1

   -0.0349

     1

   -0.0351

     1

   -0.0354

     1

   -0.0356

     1

   -0.0358

     1

   -0.0361

     1

   -0.0363

     1

   -0.0365

     1

   -0.0368

     1

   -0.0370

     1

   -0.0372

     1

   -0.0375

     1

   -0.0377

     1

   -0.0380

     1

   -0.0382

     1

   -0.0384

     1

   -0.0387

     1

   -0.0389

     1

   -0.0391

     1

   -0.0394

     1

   -0.0396

     1

   -0.0398

     1

   -0.0401

     1

   -0.0403

     1

   -0.0405

     1

   -0.0408

     1

   -0.0410

     1

   -0.0413

     1

   -0.0415

     1

   -0.0417

     1

   -0.0420

     1

   -0.0422

     1

   -0.0424

     1

   -0.0427

     1

   -0.0429

     1

   -0.0431

     1

   -0.0434

     1

   -0.0436

     1

   -0.0438

     1

   -0.0441

     1

   -0.0443

     1

   -0.0445

     1

   -0.0448

     1

   -0.0450

     1

   -0.0453

     1

   -0.0455

     1

   -0.0457

     1

   -0.0460

     1

   -0.0462

     1

   -0.0464

     1

   -0.0467

     1

   -0.0469

     1

   -0.0471

     1

   -0.0474

     1

   -0.0476

     1

   -0.0478

     1

   -0.0481

     1

   -0.0483

     1

   -0.0486

     1

   -0.0488

     1

   -0.0490

     1

   -0.0493

     1

   -0.0495

     1

   -0.0497

     1

   -0.0500

     1

   -0.0502

     1

   -0.0504

     1

   -0.0507

     1

   -0.0509

     1

   -0.0511

     1

   -0.0514

     1

   -0.0516

     1

   -0.0518

     1

   -0.0521

     1

   -0.0523

     1

   -0.0526

     1

   -0.0528

     1

   -0.0530

     1

   -0.0533

     1

   -0.0535

     1

   -0.0537

     1

   -0.0540

     1

   -0.0542

     1

   -0.0544

     1

   -0.0547

     1

   -0.0549

     1

   -0.0551

     1

   -0.0554

     1

   -0.0556

     1

   -0.0559

     1

   -0.0561

     1

   -0.0563

     1

   -0.0566

     1

   -0.0568

     1

   -0.0570

     1

   -0.0573

     1

   -0.0575

     1

   -0.0577

     1

   -0.0580

     1

   -0.0582

     1

   -0.0584

     1

   -0.0587

     1

   -0.0589

     1

   -0.0591

     1

   -0.0594

     1

   -0.0596

     1

   -0.0599

     1

   -0.0601

     1

   -0.0603

     1

   -0.0606

     1

   -0.0608

     1

   -0.0610

     1

   -0.0613

     1

   -0.0615

     1

   -0.0617

     1

   -0.0620

     1

   -0.0622

     1

   -0.0624

     1

   -0.0627

     1

   -0.0629

     1

   -0.0632

     1

   -0.0634

     1

   -0.0636

     1

   -0.0639

     1

   -0.0641

     1

   -0.0643

     1

   -0.0646

     1

   -0.0648

     1

   -0.0650

     1

   -0.0653

     1

   -0.0655

     1

   -0.0657

     1

   -0.0660

     1

   -0.0662

     1

   -0.0664

     1

   -0.0667

     1

   -0.0669

     1

   -0.0672

     1

   -0.0674

     1

   -0.0676

     1

   -0.0679

     1

   -0.0681

     1

   -0.0683

     1

   -0.0686

     1

   -0.0688

     1

   -0.0690

     1

   -0.0693

     1

   -0.0695

     1

   -0.0697

     1

   -0.0700

     1

   -0.0702

     1

   -0.0705

     1

   -0.0707

     1

   -0.0709

     1

   -0.0712

     1

   -0.0714

     1

   -0.0716

     1

   -0.0719

     1

   -0.0721

     1

   -0.0723

     1

   -0.0726

     1

   -0.0728

     1

   -0.0730

     1

   -0.0733

     1

   -0.0735

     1

   -0.0738

     1

   -0.0740

     1

   -0.0742

     1

   -0.0745

     1

   -0.0747

     1

   -0.0749

     1

   -0.0752

     1

   -0.0754

     1

   -0.0756

     1

   -0.0759

     1

   -0.0761

     1

   -0.0763

     1

   -0.0766

     1

   -0.0768

     1

   -0.0770

     1

   -0.0773

     1

   -0.0775

     1

   -0.0778

     1

   -0.0780

     1

   -0.0782

     1

   -0.0785

     1

   -0.0787

     1

   -0.0789

     1

   -0.0792

     1

   -0.0794

     1

   -0.0796

     1

   -0.0799

     1

   -0.0801

     1

   -0.0803

     1

   -0.0806

     1

   -0.0808

     1

   -0.0811

     1

   -0.0813

     1

   -0.0815

     1

   -0.0818

     1

   -0.0820

     1

   -0.0822

     1

   -0.0825

     1

   -0.0827

     1

   -0.0829

     1

   -0.0832

     1

   -0.0834

     1

   -0.0836

     1

   -0.0839

     1

   -0.0841

     1

   -0.0843

     1

   -0.0846

     1

   -0.0848

     1

   -0.0851

     1

   -0.0853

     1

   -0.0855

     1

   -0.0858

     1

   -0.0860

     1

   -0.0862

     1

   -0.0865

     1

   -0.0867

     1

   -0.0869

     1

   -0.0872

     1

   -0.0874

     1

   -0.0876

     1

   -0.0879

     1

   -0.0881

     1

   -0.0884

     1

   -0.0886

     1

   -0.0888

     1

   -0.0891

     1

   -0.0893

     1

   -0.0895

     1

   -0.0898

     1

   -0.0900

     1

   -0.0902

     1

   -0.0905

     1

   -0.0907

     1

   -0.0909

     1

   -0.0912

     1

   -0.0914

     1

   -0.0916

     1

   -0.0919

     1

   -0.0921

     1

   -0.0924

     1

   -0.0926

     1

   -0.0928

     1

   -0.0931

     1

   -0.0933

     1

   -0.0935

     1

   -0.0938

     1

   -0.0940

     1

   -0.0942

     1

   -0.0945

     1

   -0.0947

     1

   -0.0949

     1

   -0.0952

     1

   -0.0954

     1

   -0.0957

     1

   -0.0959

     1

   -0.0961

     1

   -0.0964

     1

   -0.0966

     1

   -0.0968

     1

   -0.0971

     1

   -0.0973

     1

   -0.0975

     1

   -0.0978

     1

   -0.0980

     1

   -0.0982

     1

   -0.0985

     1

   -0.0987

     1

   -0.0989

     1

   -0.0992

     1

   -0.0994

     1

   -0.0997

     1

   -0.0999

     1

   -0.1001

     1

   -0.1004

     1

   -0.1006

     1

   -0.1008

     1

   -0.1011

     1

   -0.1013

     1

   -0.1015

     1

   -0.1018

     1

   -0.1020

     1

   -0.1022

     1

   -0.1025

     1

   -0.1027

     1

   -0.1030

     1

   -0.1032

     1

   -0.1034

     1

   -0.1037

     1

   -0.1039

     1

   -0.1041

     1

   -0.1044

     1

   -0.1046

     1

   -0.1048

     1

   -0.1051

     1

   -0.1053

     1

   -0.1055

     1

   -0.1058

     1

   -0.1060

     1

   -0.1062

     1

   -0.1065

     1

   -0.1067

     1

   -0.1070

     1

   -0.1072

     1

   -0.1074

     1

   -0.1077

     1

   -0.1079

     1

   -0.1081

     1

   -0.1084

     1

   -0.1086

     1

   -0.1088

     1

   -0.1091

     1

   -0.1093

     1

   -0.1095

     1

   -0.1098

     1

   -0.1100

     1

   -0.1103

     1

   -0.1105

     1

   -0.1107

     1

   -0.1110

     1

   -0.1112

     1

   -0.1114

     1

   -0.1117

     1

   -0.1119

     1

   -0.1121

     1

   -0.1124

     1

   -0.1126

     1

   -0.1128

     1

   -0.1131

     1

   -0.1133

     1

   -0.1135

     1

   -0.1138

     1

   -0.1140

     1

   -0.1143

     1

   -0.1145

     1

   -0.1147

     1

   -0.1150

     1

   -0.1152

     1

   -0.1154

     1

   -0.1157

     1

   -0.1159

     1

   -0.1161

     1

   -0.1164

     1

   -0.1166

     1

   -0.1168

     1

   -0.1171

     1

   -0.1173

     1

   -0.1176

     1

   -0.1178

     1

   -0.1180

     1

   -0.1183

     1

   -0.1185

     1

   -0.1187

     1

   -0.1190

     1

   -0.1192

     1

   -0.1194

     1

   -0.1197

     1

   -0.1199

     1

   -0.1201

     1

   -0.1204

     1

   -0.1206

     1

   -0.1209

     1

   -0.1211

     1

   -0.1213

     1

   -0.1216

     1

   -0.1218

     1

   -0.1220

     1

   -0.1223

     1

   -0.1225

     1

   -0.1227

     1

   -0.1230

     1

   -0.1232

     1

   -0.1234

     1

   -0.1237

     1

   -0.1239

     1

   -0.1241

     1

   -0.1244

     1

   -0.1246

     1

   -0.1249

     1

   -0.1251

     1

   -0.1253

     1

   -0.1256

     1

   -0.1258

     1

   -0.1260

     1

   -0.1263

     1

   -0.1265

     1

   -0.1267

     1

   -0.1270

     1

   -0.1272

     1

   -0.1274

     1

   -0.1277

     1

   -0.1279

     1

   -0.1282

     1

   -0.1284

     1

   -0.1286

     1

   -0.1289

     1

   -0.1291

     1

   -0.1293

     1

   -0.1296

     1

   -0.1298

     1

   -0.1300

     1

   -0.1303

     1

   -0.1305

     1

   -0.1307

     1

   -0.1310

     1

   -0.1312

     1

   -0.1314

     1

   -0.1317

     1

   -0.1319

     1

   -0.1322

     1

   -0.1324

     1

   -0.1326

     1

   -0.1329

     1

   -0.1331

     1

   -0.1333

     1

   -0.1336

     1

   -0.1338

     1

   -0.1340

     1

   -0.1343

     1

   -0.1345

     1

   -0.1347

     1

   -0.1350

     1

   -0.1352

     1

   -0.1355

     1

   -0.1357

     1

   -0.1359

     1

   -0.1362

     1

   -0.1364

     1

   -0.1366

     1

   -0.1369

     1

   -0.1371

     1

   -0.1373

     1

   -0.1376

     1

   -0.1378

     1

   -0.1380

     1

   -0.1383

     1

   -0.1385

     1

   -0.1387

     1

   -0.1390

     1

   -0.1392

     1

   -0.1395

     1

   -0.1397

     1

   -0.1399

     1

   -0.1402

     1

   -0.1404

     1

   -0.1406

     1

   -0.1409

     1

   -0.1411

     1

   -0.1413

     1

   -0.1416

     1

   -0.1418

     1

   -0.1420

     1

   -0.1423

     1

   -0.1425

     1

   -0.1428

     1

   -0.1430

     1

   -0.1432

     1

   -0.1435

     1

   -0.1437

     1

   -0.1439

     1

   -0.1442

     1

   -0.1444

     1

   -0.1446

     1

   -0.1449

     1

   -0.1451

     1

   -0.1453

     1

   -0.1456

     1

   -0.1458

     1

   -0.1460

     1

   -0.1463

     1

   -0.1465

     1

   -0.1468

     1

   -0.1470

     1

   -0.1472

     1

   -0.1475

     1

   -0.1477

     1

   -0.1479

     1

   -0.1482

     1

   -0.1484

     1

   -0.1486

     1

   -0.1489

     1

   -0.1491

     1

   -0.1493

     1

   -0.1496

     1

   -0.1498

     1

   -0.1501

     1

   -0.1503

     1

   -0.1505

     1

   -0.1508

     1

   -0.1510

     1

   -0.1512

     1

   -0.1515

     1

   -0.1517

     1

   -0.1519

     1

   -0.1522

     1

   -0.1524

     1

   -0.1526

     1

   -0.1529

     1

   -0.1531

     1

   -0.1533

     1

   -0.1536

     1

   -0.1538

     1

   -0.1541

     1

   -0.1543

     1

   -0.1545

     1

   -0.1548

     1

   -0.1550

     1

   -0.1552

     1

   -0.1555

     1

   -0.1557

     1

   -0.1559

     1

   -0.1562

     1

   -0.1564

     1

   -0.1566

     1

   -0.1569

     1

   -0.1571

     1

   -0.1574

     1

   -0.1576

     1

   -0.1578

     1

   -0.1581

     1

   -0.1583

     1

   -0.1585

     1

   -0.1588

     1

   -0.1590

     1

   -0.1592

     1

   -0.1595

     1

   -0.1597

     1

   -0.1599

     1

   -0.1602

     1

   -0.1604

     1

   -0.1606

     1

   -0.1609

     1

   -0.1611

     1

   -0.1614

     1

   -0.1616

     1

   -0.1618

     1

   -0.1621

     1

   -0.1623

     1

   -0.1625

     1

   -0.1628

     1

   -0.1630

     1

   -0.1632

     1

   -0.1635

     1

   -0.1637

     1

   -0.1639

     1

   -0.1642

     1

   -0.1644

     1

   -0.1647

     1

   -0.1649

     1

   -0.1651

     1

   -0.1654

     1

   -0.1656

     1

   -0.1658

     1

   -0.1661

     1

   -0.1663

     1

   -0.1665

     1

   -0.1668

     1

   -0.1670

     1

   -0.1672

     1

   -0.1675

     1

   -0.1677

     1

   -0.1678

     1

   -0.1679

     1

   -0.1680

     1

   -0.1681

     1

   -0.1681

     1

   -0.1682

     1

   -0.1683

     1

   -0.1684

     1

   -0.1684

     1

   -0.1685

     1

   -0.1686

     1

   -0.1687

     1

   -0.1687

     1

   -0.1688

     1

   -0.1689

     1

   -0.1690

     1

   -0.1691

     1

   -0.1691

     1

   -0.1692

     1

   -0.1693

     1

   -0.1694

     1

   -0.1694

     1

   -0.1695

     1

   -0.1696

     1

   -0.1697

     1

   -0.1697

     1

   -0.1698

     1

   -0.1699

     1

   -0.1700

     1

   -0.1700

     3

   -0.1702

     1

   -0.1705

     1

   -0.1708

     1

   -0.1711

     1

   -0.1714

     1

   -0.1716

     1

   -0.1719

     1

   -0.1722

     1

   -0.1725

     1

   -0.1728

     1

   -0.1730

     1

   -0.1733

     1

   -0.1736

     1

   -0.1739

     1

   -0.1741

     1

   -0.1744

     1

   -0.1747

     1

   -0.1750

     1

   -0.1753

     1

   -0.1755

     1

   -0.1758

     1

   -0.1761

     1

   -0.1764

     1

   -0.1766

     1

   -0.1769

     1

   -0.1772

     1

   -0.1775

     1

   -0.1778

     1

   -0.1780

     1

   -0.1783

     1

   -0.1786

     1

   -0.1789

     1

   -0.1792

     1

   -0.1794

     1

   -0.1797

     1

   -0.1800

     1

   -0.1803

     1

   -0.1805

     1

   -0.1808

     1

   -0.1811

     1

   -0.1814

     1

   -0.1817

     1

   -0.1819

     1

   -0.1822

     1

   -0.1825

     1

   -0.1828

     1

   -0.1830

     1

   -0.1833

     1

   -0.1836

     1

   -0.1839

     1

   -0.1842

     1

   -0.1844

     1

   -0.1847

     1

   -0.1850

     1

   -0.1853

     1

   -0.1856

     1

   -0.1858

     1

   -0.1861

     1

   -0.1864

     1

   -0.1867

     1

   -0.1869

     1

   -0.1872

     1

   -0.1875

     1

   -0.1878

     1

   -0.1881

     1

   -0.1883

     1

   -0.1886

     1

   -0.1889

     1

   -0.1892

     1

   -0.1894

     1

   -0.1897

     1

   -0.1900

     1

   -0.1903

     1

   -0.1906

     1

   -0.1908

     1

   -0.1911

     1

   -0.1914

     1

   -0.1917

     1

   -0.1920

     1

   -0.1922

     1

   -0.1925

     1

   -0.1928

     1

   -0.1931

     1

   -0.1933

     1

   -0.1936

     1

   -0.1939

     1

   -0.1942

     1

   -0.1945

     1

   -0.1947

     1

   -0.1950

     1

   -0.1953

     1

   -0.1956

     1

   -0.1959

     1

   -0.1961

     1

   -0.1964

     1

   -0.1967

     1

   -0.1970

     1

   -0.1972

     1

   -0.1975

     1

   -0.1978

     1

   -0.1981

     1

   -0.1984

     1

   -0.1986

     1

   -0.1989

     1

   -0.1992

     1

   -0.1995

     1

   -0.1997

     1

   -0.2000

     1

   -0.2003

     1

   -0.2006

     1

   -0.2009

     1

   -0.2011

     1

   -0.2014

     1

   -0.2017

     1

   -0.2020

     1

   -0.2023

     1

   -0.2025

     1

   -0.2028

     1

   -0.2031

     1

   -0.2034

     1

   -0.2036

     1

   -0.2039

     1

   -0.2042

     1

   -0.2045

     1

   -0.2048

     1

   -0.2050

     1

   -0.2053

     1

   -0.2056

     1

   -0.2059

     1

   -0.2061

     1

   -0.2064

     1

   -0.2067

     1

   -0.2070

     1

   -0.2073

     1

   -0.2075

     1

   -0.2078

     1

   -0.2081

     1

   -0.2084

     1

   -0.2087

     1

   -0.2089

     1

   -0.2092

     1

   -0.2095

     1

   -0.2098

     1

   -0.2100

     1

   -0.2103

     1

   -0.2106

     1

   -0.2109

     1

   -0.2112

     1

   -0.2114

     1

   -0.2117

     1

   -0.2120

     1

   -0.2123

     1

   -0.2125

     1

   -0.2128

     1

   -0.2131

     1

   -0.2134

     1

   -0.2137

     1

   -0.2139

     1

   -0.2142

     1

   -0.2145

     1

   -0.2148

     1

   -0.2151

     1

   -0.2153

     1

   -0.2156

     1

   -0.2159

     1

   -0.2162

     1

   -0.2164

     1

   -0.2167

     1

   -0.2170

     1

   -0.2173

     1

   -0.2176

     1

   -0.2178

     1

   -0.2181

     1

   -0.2184

     1

   -0.2187

     1

   -0.2189

     1

   -0.2192

     1

   -0.2195

     1

   -0.2198

     1

   -0.2201

     1

   -0.2203

     1

   -0.2206

     1

   -0.2209

     1

   -0.2212

     1

   -0.2215

     1

   -0.2217

     1

   -0.2220

     1

   -0.2223

     1

   -0.2226

     1

   -0.2228

     1

   -0.2231

     1

   -0.2234

     1

   -0.2237

     1

   -0.2240

     1

   -0.2242

     1

   -0.2245

     1

   -0.2248

     1

   -0.2251

     1

   -0.2253

     1

   -0.2256

     1

   -0.2259

     1

   -0.2262

     1

   -0.2265

     1

   -0.2267

     1

   -0.2270

     1

   -0.2273

{G[: <a href="matlab:matlab.internal.language.introspective.errorDocCallback('pause')" style="font-weight:bold">pause</a>
I

G[: <a href="matlab:matlab.internal.language.introspective.errorDocCallback('HRdisp', 'C:\Users\issei\Desktop\2018_Hoppingrover\HRdisp.m', 65)" style="font-weight:bold">HRdisp</a> (<a href="matlab: opentoline('C:\Users\issei\Desktop\2018_Hoppingrover\HRdisp.m',65,0)">line 65</a>)
pause(0.01);

G[: <a href="matlab:matlab.internal.language.introspective.errorDocCallback('HRmain', 'C:\Users\issei\Desktop\2018_Hoppingrover\HRmain.m', 59)" style="font-weight:bold">HRmain</a> (<a href="matlab: opentoline('C:\Users\issei\Desktop\2018_Hoppingrover\HRmain.m',59,0)">line 59</a>)
	  			HRdisp(ts,xs,posT);
} 
HRmain
