     6

     0

     3

   1.0913e-06

     3

   4.5950e-06

     3

   1.0557e-05

     3

   1.8977e-05

     3

   2.9855e-05

     3

   4.3190e-05

     3

   5.8981e-05

     3

   7.7229e-05

     3

   9.7933e-05

     3

   1.2109e-04

     3

   1.4670e-04

     3

   1.7477e-04

     3

   2.0528e-04

     3

   2.3825e-04

     3

   2.7366e-04

     3

   3.1152e-04

     3

   3.5183e-04

     3

   3.9458e-04

     3

   4.3977e-04

     3

   4.8741e-04

     3

   5.3748e-04

     3

   5.8998e-04

     3

   6.4492e-04

     3

   7.0229e-04

     3

   7.6209e-04

     3

   8.2432e-04

     3

   8.8896e-04

     3

   9.5603e-04

     3

    0.0010

     3

    0.0011

     3

    0.0012

     3

    0.0012

     3

    0.0013

     3

    0.0014

     3

    0.0015

     3

    0.0016

     3

    0.0017

     3

    0.0018

     3

    0.0019

     3

    0.0019

     3

    0.0020

     3

    0.0021

     3

    0.0022

     3

    0.0024

     3

    0.0025

     3

    0.0026

     3

    0.0027

     3

    0.0028

     3

    0.0029

     3

    0.0030

     3

    0.0032

     3

    0.0033

     3

    0.0034

     3

    0.0035

     3

    0.0037

     3

    0.0038

     3

    0.0039

     3

    0.0041

     3

    0.0042

     3

    0.0043

     3

    0.0045

     3

    0.0046

     3

    0.0048

     3

    0.0049

     3

    0.0051

     3

    0.0052

     3

    0.0054

     3

    0.0056

     3

    0.0057

     3

    0.0059

     3

    0.0060

     3

    0.0062

     3

    0.0064

     1

    0.0065

     1

    0.0067

     1

    0.0069

     1

    0.0070

     1

    0.0072

     1

    0.0074

     1

    0.0076

     1

    0.0077

     1

    0.0079

     1

    0.0081

     1

    0.0082

     1

    0.0084

     1

    0.0086

     1

    0.0087

     1

    0.0089

     1

    0.0091

     1

    0.0092

     1

    0.0094

     1

    0.0096

     1

    0.0097

     1

    0.0099

     1

    0.0101

     1

    0.0103

     1

    0.0104

     1

    0.0106

     1

    0.0108

     1

    0.0109

     1

    0.0111

     1

    0.0113

     1

    0.0114

     1

    0.0116

     1

    0.0118

     1

    0.0119

     1

    0.0121

     1

    0.0123

     1

    0.0124

     1

    0.0126

     1

    0.0128

     1

    0.0129

     1

    0.0131

     1

    0.0133

     1

    0.0135

     1

    0.0136

     1

    0.0138

     1

    0.0140

     1

    0.0141

     1

    0.0143

     1

    0.0145

     1

    0.0146

     1

    0.0148

     1

    0.0150

     1

    0.0151

     1

    0.0153

     1

    0.0155

     1

    0.0156

     1

    0.0158

     1

    0.0160

     1

    0.0162

     1

    0.0163

     1

    0.0165

     1

    0.0167

     1

    0.0168

     1

    0.0170

     1

    0.0172

     1

    0.0173

     1

    0.0175

     1

    0.0177

     1

    0.0178

     1

    0.0180

     1

    0.0182

     1

    0.0183

     1

    0.0185

     1

    0.0187

     1

    0.0188

     1

    0.0190

     1

    0.0192

     1

    0.0194

     1

    0.0195

     1

    0.0197

     1

    0.0199

     1

    0.0200

     1

    0.0202

     1

    0.0204

     1

    0.0205

     1

    0.0207

     1

    0.0209

     1

    0.0210

     1

    0.0212

     1

    0.0214

     1

    0.0215

     1

    0.0217

     1

    0.0219

     1

    0.0221

     1

    0.0222

     1

    0.0224

     1

    0.0226

     1

    0.0227

     1

    0.0229

     1

    0.0231

     1

    0.0232

     1

    0.0234

     1

    0.0236

     1

    0.0237

     1

    0.0239

     1

    0.0241

     1

    0.0242

     1

    0.0244

     1

    0.0246

     1

    0.0247

     1

    0.0249

     1

    0.0251

     1

    0.0253

     1

    0.0254

     1

    0.0256

     1

    0.0258

     1

    0.0259

     1

    0.0261

     1

    0.0263

     1

    0.0264

     1

    0.0266

     1

    0.0268

     1

    0.0269

     1

    0.0271

     1

    0.0273

     1

    0.0274

     1

    0.0276

     1

    0.0278

     1

    0.0280

     1

    0.0281

     1

    0.0283

     1

    0.0285

     1

    0.0286

     1

    0.0288

     1

    0.0290

     1

    0.0291

     1

    0.0293

     1

    0.0295

     1

    0.0296

     1

    0.0298

     1

    0.0300

     1

    0.0301

     1

    0.0303

     1

    0.0305

     1

    0.0306

     1

    0.0308

     1

    0.0310

     1

    0.0312

     1

    0.0313

     1

    0.0315

     1

    0.0317

     1

    0.0318

     1

    0.0320

     1

    0.0322

     1

    0.0323

     1

    0.0325

     1

    0.0327

     1

    0.0328

     1

    0.0330

     1

    0.0332

     1

    0.0333

     1

    0.0335

     1

    0.0337

     1

    0.0339

     1

    0.0340

     1

    0.0342

     1

    0.0344

     1

    0.0345

     1

    0.0347

     1

    0.0349

     1

    0.0350

     1

    0.0352

     1

    0.0354

     1

    0.0355

     1

    0.0357

     1

    0.0359

     1

    0.0360

     1

    0.0362

     1

    0.0364

     1

    0.0365

     1

    0.0367

     1

    0.0369

     1

    0.0371

     1

    0.0372

     1

    0.0374

     1

    0.0376

     1

    0.0377

     1

    0.0379

     1

    0.0381

     1

    0.0382

     1

    0.0384

     1

    0.0386

     1

    0.0387

     1

    0.0389

     1

    0.0391

     1

    0.0392

     1

    0.0394

     1

    0.0396

     1

    0.0398

     1

    0.0399

     1

    0.0401

     1

    0.0403

     1

    0.0404

     1

    0.0406

     1

    0.0408

     1

    0.0409

     1

    0.0411

     1

    0.0413

     1

    0.0414

     1

    0.0416

     1

    0.0418

     1

    0.0419

     1

    0.0421

     1

    0.0423

     1

    0.0424

     1

    0.0426

     1

    0.0428

     1

    0.0430

     1

    0.0431

     1

    0.0433

     1

    0.0435

     1

    0.0436

     1

    0.0438

     1

    0.0440

     1

    0.0441

     1

    0.0443

     1

    0.0445

     1

    0.0446

     1

    0.0448

     1

    0.0450

     1

    0.0451

     1

    0.0453

     1

    0.0455

     1

    0.0457

     1

    0.0458

     1

    0.0460

     1

    0.0462

     1

    0.0463

     1

    0.0465

     1

    0.0467

     1

    0.0468

     1

    0.0470

     1

    0.0472

     1

    0.0473

     1

    0.0475

     1

    0.0477

     1

    0.0478

     1

    0.0480

     1

    0.0482

     1

    0.0483

     1

    0.0485

     1

    0.0487

     1

    0.0489

     1

    0.0490

     1

    0.0492

     1

    0.0494

     1

    0.0495

     1

    0.0497

     1

    0.0499

     1

    0.0500

     1

    0.0502

     1

    0.0504

     1

    0.0505

     1

    0.0507

     1

    0.0509

     1

    0.0510

     1

    0.0512

     1

    0.0514

     1

    0.0516

     1

    0.0517

     1

    0.0519

     1

    0.0521

     1

    0.0522

     1

    0.0524

     1

    0.0526

     1

    0.0527

     1

    0.0529

     1

    0.0531

     1

    0.0532

     1

    0.0534

     1

    0.0536

     1

    0.0537

     1

    0.0539

     1

    0.0541

     1

    0.0542

     1

    0.0544

     1

    0.0546

     1

    0.0548

     1

    0.0549

     1

    0.0551

     1

    0.0553

     1

    0.0554

     1

    0.0556

     1

    0.0558

     1

    0.0559

     1

    0.0561

     1

    0.0563

     1

    0.0564

     1

    0.0566

     1

    0.0568

     1

    0.0569

     1

    0.0571

     1

    0.0573

     1

    0.0575

     1

    0.0576

     1

    0.0578

     1

    0.0580

     1

    0.0581

     1

    0.0583

     1

    0.0585

     1

    0.0586

     1

    0.0588

     1

    0.0590

     1

    0.0591

     1

    0.0593

     1

    0.0595

     1

    0.0596

     1

    0.0598

     1

    0.0600

     1

    0.0601

     1

    0.0603

     1

    0.0605

     1

    0.0607

     1

    0.0608

     1

    0.0610

     1

    0.0612

     1

    0.0613

     1

    0.0615

     1

    0.0617

     1

    0.0618

     1

    0.0620

     1

    0.0622

     1

    0.0623

     1

    0.0625

     1

    0.0627

     1

    0.0628

     1

    0.0630

     1

    0.0632

     1

    0.0634

     1

    0.0635

     1

    0.0637

     1

    0.0639

     1

    0.0640

     1

    0.0642

     1

    0.0644

     1

    0.0645

     1

    0.0647

     1

    0.0649

     1

    0.0650

     1

    0.0652

     1

    0.0654

     1

    0.0655

     1

    0.0657

     1

    0.0659

     1

    0.0660

     1

    0.0662

     1

    0.0664

     1

    0.0666

     1

    0.0667

     1

    0.0669

     1

    0.0671

     1

    0.0672

     1

    0.0674

     1

    0.0676

     1

    0.0677

     1

    0.0679

     1

    0.0681

     1

    0.0682

     1

    0.0684

     1

    0.0686

     1

    0.0687

     1

    0.0689

     1

    0.0691

     1

    0.0693

     1

    0.0694

     1

    0.0696

     1

    0.0698

     1

    0.0699

     1

    0.0701

     1

    0.0703

     1

    0.0704

     1

    0.0706

     1

    0.0708

     1

    0.0709

     1

    0.0711

     1

    0.0713

     1

    0.0714

     1

    0.0716

     1

    0.0718

     1

    0.0719

     1

    0.0721

     1

    0.0723

     1

    0.0725

     1

    0.0726

     1

    0.0728

     1

    0.0730

     1

    0.0731

     1

    0.0733

     1

    0.0735

     1

    0.0736

     1

    0.0738

     1

    0.0740

     1

    0.0741

     1

    0.0743

     1

    0.0745

     1

    0.0746

     1

    0.0748

     1

    0.0750

     1

    0.0752

     1

    0.0753

     1

    0.0755

     1

    0.0757

     1

    0.0758

     1

    0.0760

     1

    0.0762

     1

    0.0763

     1

    0.0765

     1

    0.0767

     1

    0.0768

     1

    0.0770

     1

    0.0772

     1

    0.0773

     1

    0.0775

     1

    0.0777

     1

    0.0778

     1

    0.0780

     1

    0.0782

     1

    0.0784

     1

    0.0785

     1

    0.0787

     1

    0.0789

     1

    0.0790

     1

    0.0792

     1

    0.0794

     1

    0.0795

     1

    0.0797

     1

    0.0799

     1

    0.0800

     1

    0.0802

     1

    0.0804

     1

    0.0805

     1

    0.0807

     1

    0.0809

     1

    0.0811

     1

    0.0812

     1

    0.0814

     1

    0.0816

     1

    0.0817

     1

    0.0819

     1

    0.0821

     1

    0.0822

     1

    0.0824

     1

    0.0826

     1

    0.0827

     1

    0.0829

     1

    0.0831

     1

    0.0832

     1

    0.0834

     1

    0.0836

     1

    0.0837

     1

    0.0839

     1

    0.0841

     1

    0.0843

     1

    0.0844

     1

    0.0846

     1

    0.0848

     1

    0.0849

     1

    0.0851

     1

    0.0853

     1

    0.0854

     1

    0.0856

     1

    0.0858

     1

    0.0859

     1

    0.0861

     1

    0.0863

     1

    0.0864

     1

    0.0866

     1

    0.0868

     1

    0.0870

     1

    0.0871

     1

    0.0873

     1

    0.0875

     1

    0.0876

     1

    0.0878

     1

    0.0880

     1

    0.0881

     1

    0.0883

     1

    0.0885

     1

    0.0886

     1

    0.0888

     1

    0.0890

     1

    0.0891

     1

    0.0893

     1

    0.0895

     1

    0.0896

     1

    0.0898

     1

    0.0900

     1

    0.0902

     1

    0.0903

     1

    0.0905

     1

    0.0907

     1

    0.0908

     1

    0.0910

     1

    0.0912

     1

    0.0913

     1

    0.0915

     1

    0.0917

     1

    0.0918

     1

    0.0920

     1

    0.0922

     1

    0.0923

     1

    0.0925

     1

    0.0927

     1

    0.0929

     1

    0.0930

     1

    0.0932

     1

    0.0934

     1

    0.0935

     1

    0.0937

     1

    0.0939

     1

    0.0940

     1

    0.0942

     1

    0.0944

     1

    0.0945

     1

    0.0947

     1

    0.0949

     1

    0.0950

     1

    0.0952

     1

    0.0954

     1

    0.0955

     1

    0.0957

     1

    0.0959

     1

    0.0961

     1

    0.0962

     1

    0.0964

     1

    0.0966

     1

    0.0967

     1

    0.0969

     1

    0.0971

     1

    0.0972

     1

    0.0974

     1

    0.0976

     1

    0.0977

     1

    0.0979

     1

    0.0981

     1

    0.0982

     1

    0.0984

     1

    0.0986

     1

    0.0988

     1

    0.0989

     1

    0.0991

     1

    0.0993

     1

    0.0994

     1

    0.0996

     1

    0.0998

     1

    0.0999

     1

    0.1001

     1

    0.1003

     1

    0.1004

     1

    0.1006

     1

    0.1008

     1

    0.1009

     1

    0.1011

     1

    0.1013

     3

    0.1014

     3

    0.1013

     1

    0.1013

     1

    0.1012

     1

    0.1011

     1

    0.1010

     1

    0.1009

     1

    0.1008

     1

    0.1008

     1

    0.1007

     1

    0.1006

     1

    0.1005

     1

    0.1004

     1

    0.1003

     1

    0.1003

     1

    0.1002

     1

    0.1001

     1

    0.1000

     1

    0.0999

     1

    0.0998

     1

    0.0998

     1

    0.0997

     3

    0.0996

     3

    0.0995

     3

    0.0994

     3

    0.0994

     3

    0.0993

     1

    0.0992

     1

    0.0992

     1

    0.0991

     1

    0.0990

     1

    0.0989

     1

    0.0989

     1

    0.0988

     1

    0.0987

     1

    0.0987

     1

    0.0986

     1

    0.0985

     1

    0.0985

     1

    0.0984

     1

    0.0983

     1

    0.0983

     1

    0.0982

     1

    0.0981

     1

    0.0980

     1

    0.0980

     1

    0.0979

     1

    0.0978

     1

    0.0978

     1

    0.0977

     1

    0.0976

     1

    0.0976

     1

    0.0975

     1

    0.0974

     1

    0.0973

     1

    0.0973

     1

    0.0972

     1

    0.0971

     1

    0.0971

     1

    0.0970

     1

    0.0969

     1

    0.0969

     1

    0.0968

     1

    0.0967

     1

    0.0966

     1

    0.0966

     1

    0.0965

     1

    0.0964

     1

    0.0964

     1

    0.0963

     1

    0.0962

     1

    0.0962

     1

    0.0961

     1

    0.0960

     1

    0.0959

     1

    0.0959

     1

    0.0958

     1

    0.0957

     1

    0.0957

     1

    0.0956

     1

    0.0955

     1

    0.0955

     1

    0.0954

     1

    0.0953

     1

    0.0952

     1

    0.0952

     1

    0.0951

     1

    0.0950

     1

    0.0950

     1

    0.0949

     1

    0.0948

     1

    0.0948

     1

    0.0947

     1

    0.0946

     1

    0.0945

     1

    0.0945

     1

    0.0944

     1

    0.0943

     1

    0.0943

     1

    0.0942

     1

    0.0941

     1

    0.0941

     1

    0.0940

     1

    0.0939

     1

    0.0938

     1

    0.0938

     1

    0.0937

     1

    0.0936

     1

    0.0936

     1

    0.0935

     1

    0.0934

     1

    0.0934

     1

    0.0933

     1

    0.0932

     1

    0.0932

     1

    0.0931

     1

    0.0930

     1

    0.0929

     1

    0.0929

     1

    0.0928

     1

    0.0927

     1

    0.0927

     1

    0.0926

     1

    0.0925

     1

    0.0925

     1

    0.0924

     1

    0.0923

     1

    0.0922

     1

    0.0922

     1

    0.0921

     1

    0.0920

     1

    0.0920

     1

    0.0919

     1

    0.0918

     1

    0.0918

     1

    0.0917

     1

    0.0916

     1

    0.0915

     1

    0.0915

     1

    0.0914

     1

    0.0913

     1

    0.0913

     1

    0.0912

     1

    0.0911

     1

    0.0911

     1

    0.0910

     1

    0.0909

     1

    0.0908

     1

    0.0908

     1

    0.0907

     1

    0.0906

     1

    0.0906

     1

    0.0905

     1

    0.0904

     1

    0.0904

     1

    0.0903

     1

    0.0902

     1

    0.0901

     1

    0.0901

     1

    0.0900

     1

    0.0899

     1

    0.0899

     1

    0.0898

     1

    0.0897

     1

    0.0897

     1

    0.0896

     1

    0.0895

     1

    0.0894

     1

    0.0894

     1

    0.0893

     1

    0.0892

     1

    0.0892

     1

    0.0891

     1

    0.0890

     1

    0.0890

     1

    0.0889

     1

    0.0888

     1

    0.0888

     1

    0.0887

     1

    0.0886

     1

    0.0885

     1

    0.0885

     1

    0.0884

     1

    0.0883

     1

    0.0883

     1

    0.0882

     1

    0.0881

     1

    0.0881

     1

    0.0880

     1

    0.0879

     1

    0.0878

     1

    0.0878

     1

    0.0877

     1

    0.0876

     1

    0.0876

     1

    0.0875

     1

    0.0874

     1

    0.0874

     1

    0.0873

     1

    0.0872

     1

    0.0871

     1

    0.0871

     1

    0.0870

     1

    0.0869

     1

    0.0869

     1

    0.0868

     1

    0.0867

     1

    0.0867

     1

    0.0866

     1

    0.0865

     1

    0.0864

     1

    0.0864

     1

    0.0863

     1

    0.0862

     1

    0.0862

     1

    0.0861

     1

    0.0860

     1

    0.0860

     1

    0.0859

     1

    0.0858

     1

    0.0857

     1

    0.0857

     1

    0.0856

     1

    0.0855

     1

    0.0855

     1

    0.0854

     1

    0.0853

     1

    0.0853

     1

    0.0852

     1

    0.0851

     1

    0.0850

     1

    0.0850

     1

    0.0849

     1

    0.0848

     1

    0.0848

     1

    0.0847

     1

    0.0846

     1

    0.0846

     1

    0.0845

     1

    0.0844

     1

    0.0843

     1

    0.0843

     1

    0.0842

     1

    0.0841

     1

    0.0841

     1

    0.0840

     1

    0.0839

     1

    0.0839

     1

    0.0838

     1

    0.0837

     1

    0.0837

     1

    0.0836

     1

    0.0835

     1

    0.0834

     1

    0.0834

     1

    0.0833

     1

    0.0832

     1

    0.0832

     1

    0.0831

     1

    0.0830

     1

    0.0830

     1

    0.0829

     1

    0.0828

     1

    0.0827

     1

    0.0827

     1

    0.0826

     1

    0.0825

     1

    0.0825

     1

    0.0824

     1

    0.0823

     1

    0.0823

     1

    0.0822

     1

    0.0821

     1

    0.0820

     1

    0.0820

     1

    0.0819

     1

    0.0818

     1

    0.0818

     1

    0.0817

     1

    0.0816

     1

    0.0816

     1

    0.0815

     1

    0.0814

     1

    0.0813

     1

    0.0813

     1

    0.0812

     1

    0.0811

     1

    0.0811

     1

    0.0810

     1

    0.0809

     1

    0.0809

     1

    0.0808

     1

    0.0807

     1

    0.0806

     1

    0.0806

     1

    0.0805

     1

    0.0804

     1

    0.0804

     1

    0.0803

     1

    0.0802

     1

    0.0802

     1

    0.0801

     1

    0.0800

     1

    0.0799

     1

    0.0799

     1

    0.0798

     1

    0.0797

     1

    0.0797

     1

    0.0796

     1

    0.0795

     1

    0.0795

     1

    0.0794

     1

    0.0793

     1

    0.0793

     1

    0.0792

     1

    0.0791

     1

    0.0790

     1

    0.0790

     1

    0.0789

     1

    0.0788

     1

    0.0788

     1

    0.0787

     1

    0.0786

     1

    0.0786

     1

    0.0785

     1

    0.0784

     1

    0.0783

     1

    0.0783

     1

    0.0782

     1

    0.0781

     1

    0.0781

     1

    0.0780

     1

    0.0779

     1

    0.0779

{エラー: <a href="matlab:matlab.internal.language.introspective.errorDocCallback('pause')" style="font-weight:bold">pause</a>
処理を終了しました

エラー: <a href="matlab:matlab.internal.language.introspective.errorDocCallback('HRdisp', 'C:\Users\issei\Desktop\2018_Hoppingrover\HRdisp.m', 65)" style="font-weight:bold">HRdisp</a> (<a href="matlab: opentoline('C:\Users\issei\Desktop\2018_Hoppingrover\HRdisp.m',65,0)">line 65</a>)
pause(0.01);

エラー: <a href="matlab:matlab.internal.language.introspective.errorDocCallback('HRmain', 'C:\Users\issei\Desktop\2018_Hoppingrover\HRmain.m', 59)" style="font-weight:bold">HRmain</a> (<a href="matlab: opentoline('C:\Users\issei\Desktop\2018_Hoppingrover\HRmain.m',59,0)">line 59</a>)
	  			HRdisp(ts,xs,posT);
} 
HRmain
