     6

     0

     6

     0

     3

   1.0913e-06

     3

   5.6334e-06

     3

   1.5980e-05

     3

   3.4436e-05

     3

   6.3306e-05

     3

   1.0489e-04

     3

   1.6148e-04

     3

   2.3535e-04

     3

   3.2879e-04

     3

   4.4404e-04

     3

   5.8229e-04

     3

   7.4346e-04

     3

   9.2743e-04

     3

    0.0011

     3

    0.0014

     3

    0.0016

     3

    0.0019

     3

    0.0022

     3

    0.0025

     3

    0.0028

     3

    0.0032

     3

    0.0036

     3

    0.0040

     3

    0.0044

     3

    0.0048

     3

    0.0053

     3

    0.0057

     3

    0.0062

     3

    0.0067

     3

    0.0072

     3

    0.0077

     1

    0.0082

     1

    0.0088

     1

    0.0093

     1

    0.0098

     1

    0.0103

     1

    0.0108

     1

    0.0113

     1

    0.0118

     1

    0.0123

     1

    0.0128

     1

    0.0134

     1

    0.0139

     1

    0.0144

     1

    0.0149

     1

    0.0154

     1

    0.0159

     1

    0.0164

     1

    0.0169

     1

    0.0174

     1

    0.0179

     1

    0.0185

     1

    0.0190

     1

    0.0195

     1

    0.0200

     1

    0.0205

     1

    0.0210

     1

    0.0215

     1

    0.0220

     1

    0.0225

     1

    0.0231

     1

    0.0236

     1

    0.0241

     1

    0.0246

     1

    0.0251

     1

    0.0256

     1

    0.0261

     1

    0.0266

     1

    0.0271

     1

    0.0276

     1

    0.0282

     1

    0.0287

     1

    0.0292

     1

    0.0297

     1

    0.0302

     1

    0.0307

     1

    0.0312

     1

    0.0317

     1

    0.0322

     1

    0.0327

     1

    0.0333

     1

    0.0338

     1

    0.0343

     1

    0.0348

     1

    0.0353

     1

    0.0358

     1

    0.0363

     1

    0.0368

     1

    0.0373

     1

    0.0379

     1

    0.0384

     1

    0.0389

     1

    0.0394

     1

    0.0399

     1

    0.0404

     1

    0.0409

     1

    0.0414

     1

    0.0419

     1

    0.0424

     1

    0.0430

     1

    0.0435

     1

    0.0440

     1

    0.0445

     1

    0.0450

     1

    0.0455

     1

    0.0460

     1

    0.0465

     1

    0.0470

     1

    0.0476

     1

    0.0481

     1

    0.0486

     1

    0.0491

     1

    0.0496

     1

    0.0501

     1

    0.0506

     1

    0.0511

     1

    0.0516

     1

    0.0521

     1

    0.0527

     1

    0.0532

     1

    0.0537

     1

    0.0542

     1

    0.0547

     1

    0.0552

     1

    0.0557

     1

    0.0562

     1

    0.0567

     1

    0.0573

     1

    0.0578

     1

    0.0583

     1

    0.0588

     1

    0.0593

     1

    0.0598

     1

    0.0603

     1

    0.0608

     1

    0.0613

     1

    0.0618

     1

    0.0624

     1

    0.0629

     1

    0.0634

     1

    0.0639

     1

    0.0644

     1

    0.0649

     1

    0.0654

     1

    0.0659

     1

    0.0664

     1

    0.0670

     1

    0.0675

     1

    0.0680

     1

    0.0685

     1

    0.0690

     1

    0.0695

     1

    0.0700

     1

    0.0705

     1

    0.0710

     1

    0.0715

     1

    0.0721

     1

    0.0726

     1

    0.0731

     1

    0.0736

     1

    0.0741

     1

    0.0746

     1

    0.0751

     1

    0.0756

     1

    0.0761

     1

    0.0767

     1

    0.0772

     1

    0.0777

     1

    0.0782

     1

    0.0787

     1

    0.0792

     1

    0.0797

     1

    0.0802

     1

    0.0807

     1

    0.0812

     1

    0.0818

     1

    0.0823

     1

    0.0828

     1

    0.0833

     1

    0.0838

     1

    0.0843

     1

    0.0848

     1

    0.0853

     1

    0.0858

     1

    0.0864

     1

    0.0869

     1

    0.0874

     1

    0.0879

     1

    0.0884

     1

    0.0889

     1

    0.0894

     1

    0.0899

     1

    0.0904

     1

    0.0909

     1

    0.0915

     1

    0.0920

     1

    0.0925

     1

    0.0930

     1

    0.0935

     1

    0.0940

     1

    0.0945

     1

    0.0950

     1

    0.0955

     1

    0.0961

     1

    0.0966

     1

    0.0971

     1

    0.0976

     1

    0.0981

     1

    0.0986

     1

    0.0991

{èàóùÇÕìríÜÇ≈èIóπÇµÇ‹ÇµÇΩ <a href="matlab:matlab.internal.language.introspective.errorDocCallback('HRjudge', 'C:\Users\issei\Desktop\2018_Hoppingrover\HRjudge.m', 21)" style="font-weight:bold">HRjudge</a> (<a href="matlab: opentoline('C:\Users\issei\Desktop\2018_Hoppingrover\HRjudge.m',21,0)">line 21</a>)


èÍèä <a href="matlab:matlab.internal.language.introspective.errorDocCallback('HRmain', 'C:\Users\issei\Desktop\2018_Hoppingrover\HRmain.m', 53)" style="font-weight:bold">HRmain</a> (<a href="matlab: opentoline('C:\Users\issei\Desktop\2018_Hoppingrover\HRmain.m',53,0)">line 53</a>)
		state = HRjudge(posT);
} 
HRmain
