     0

   7.2145e-05

   3.1451e-04

   7.2805e-04

    0.0013

    0.0021

    0.0030

    0.0041

    0.0054

    0.0068

    0.0084

    0.0102

    0.0122

    0.0143

    0.0167

    0.0192

    0.0219

    0.0247

    0.0278

    0.0310

    0.0344

    0.0380

    0.0418

    0.0457

    0.0499

    0.0542

    0.0588

    0.0635

    0.0685

    0.0736

    0.0790

    0.0846

    0.0903

    0.0963

    0.1025

    0.1090

    0.1156

    0.1225

    0.1296

    0.1370

    0.1446

    0.1525

    0.1606

    0.1690

    0.1776

    0.1866

    0.1958

    0.2053

    0.2151

    0.2252

    0.2357

    0.2465

    0.2576

    0.2691

    0.2810

    0.2932

    0.3059

    0.3190

    0.3325

    0.3465

    0.3610

    0.3760

    0.3916

    0.4077

    0.4245

    0.4418

    0.4598

    0.4783

    0.4975

    0.5172

    0.5376

    0.5585

    0.5801

    0.6022

    0.6250

    0.6483

    0.6723

    0.6968

    0.7219

    0.7477

    0.7740

    0.8010

    0.8285

    0.8567

    0.8854

    0.9148

    0.9447

    0.9753

    1.0064

    1.0382

    1.0705

    1.1034

    1.1370

    1.1711

    1.2059

    1.2412

    1.2772

    1.3137

    1.3509

    1.3886

    1.4270

    1.4659

    1.5055

    1.5456

    1.5863

    1.6277

    1.6696

    1.7122

    1.7553

    1.7991

    1.8434

    1.8884

    1.9339

    1.9801

    2.0268

    2.0742

    2.1221

    2.1707

    2.2198

    2.2695

    2.3199

    2.3708

    2.4224

    2.4745

    2.5273

    2.5806

    2.6346

    2.6891

    2.7443

    2.8000

    2.8564

    2.9133

    2.9708

    3.0290

    3.0877

    3.1471

    3.2070

    3.2676

    3.3287

    3.3905

    3.4528

    3.5158

    3.5793

    3.6435

    3.7082

    3.7735

    3.8395

    3.9060

    3.9732

    4.0409

    4.1093

    4.1782

    4.2478

    4.3179

    4.3887

    4.4600

    4.5320

    4.6045

    4.6776

    4.7514

    4.8257

    4.9007

    4.9762

    5.0524

    5.1291

    5.2065

    5.2844

    5.3630

    5.4421

    5.5219

    5.6022

    5.6832

    5.7647

    5.8468

    5.9296

    6.0129

    6.0969

    6.1814

    6.2666

    6.3523

    6.4387

    6.5256

    6.6132

    6.7013

    6.7901

    6.8794

    6.9693

    7.0599

    7.1510

    7.2428

    7.3351

    7.4281

    7.5216

    7.6158

    7.7105

    7.8059

    7.9018

    7.9984

    8.0955

    8.1932

    8.2916

    8.3905

    8.4901

    8.5902

    8.6910

    8.7923

    8.8943

    8.9968

    9.1000

    9.2037

    9.3081

    9.4130

    9.5185

    9.6247

    9.7314

    9.8388

    9.9467

   10.0553

   10.1644

   10.2742

   10.3845

   10.4955

   10.6070

   10.7192

   10.8319

   10.9453

   11.0592

   11.1737

   11.2889

   11.4046

   11.5210

   11.6379

   11.7555

   11.8736

   11.9924

   12.1117

   12.2317

   12.3522

   12.4734

   12.5951

   12.7174

   12.8404

   12.9639

   13.0881

   13.2128

   13.3382

   13.4641

   13.5907

   13.7178

   13.8456

   13.9739

   14.1029

   14.2324

   14.3625

   14.4933

   14.6246

   14.7566

   14.8891

   15.0223

   15.1560

   15.2904

   15.4253

   15.5609

   15.6970

   15.8338

   15.9711

   16.1091

   16.2476

   16.3867

   16.5265

   16.6668

   16.8078

   16.9493

   17.0915

   17.2342

   17.3776

   17.5215

   17.6661

   17.8112

   17.9570

   18.1033

   18.2502

   18.3978

   18.5459

   18.6947

   18.8440

   18.9940

   19.1445

   19.2957

   19.4474

   19.5998

   19.7527

   19.9063

   20.0604

   20.2151

   20.3705

   20.5264

   20.6830

   20.8401

   20.9979

   21.1562

   21.3152

   21.4747

   21.6349

   21.7956

   21.9570

   22.1189

   22.2814

   22.4446

   22.6083

   22.7727

   22.9376

   23.1032

   23.2693

   23.4361

   23.6034

   23.7714

   23.9399

   24.1091

   24.2788

   24.4492

   24.6201

   24.7916

   24.9638

   25.1365

   25.3099

   25.4838

   25.6584

   25.8335

   26.0093

   26.1856

   26.3626

   26.5401

   26.7183

   26.8970

   27.0763

   27.2563

   27.4368

   27.6180

   27.7997

   27.9821

   28.1650

   28.3486

   28.5327

   28.7175

   28.9028

   29.0888

   29.2753

   29.4624

   29.6502

   29.8385

   30.0275

   30.2170

   30.4072

   30.5979

   30.7893

   30.9812

   31.1738

   31.3669

   31.5607

   31.7550

   31.9500

   32.1455

   32.3416

   32.5384

   32.7357

   32.9337

   33.1322

   33.3314

   33.5311

   33.7315

   33.9324

   34.1340

   34.3361

   34.5389

   34.7422

   34.9461

   35.1507

   35.3558

   35.5616

   35.7679

   35.9749

   36.1824

   36.3906

   36.5993

   36.8087

   37.0186

   37.2292

   37.4403

   37.6520

   37.8644

   38.0773

   38.2909

   38.5050

   38.7198

   38.9351

   39.1511

   39.3676

   39.5848

   39.8025

   40.0209

   40.2398

   40.4593

   40.6795

   40.9002

   41.1216

   41.3435

   41.5661

   41.7892

   42.0130

   42.2373

   42.4623

   42.6878

   42.9140

   43.1407

   43.3681

   43.5960

   43.8245

   44.0537

   44.2834

   44.5138

   44.7447

   44.9763

   45.2084

   45.4412

   45.6745

   45.9085

   46.1430

   46.3782

   46.6139

   46.8502

   47.0872

   47.3247

   47.5629

   47.8016

   48.0410

   48.2809

   48.5215

   48.7626

   49.0044

   49.2467

   49.4897

   49.7332

   49.9773

   50.2221

   50.4674

   50.7134

   50.9599

   51.2071

   51.4548

   51.7032

   51.9521

   52.2017

   52.4518

   52.7026

   52.9539

   53.2059

   53.4584

   53.7115

   53.9653

   54.2196

   54.4746

   54.7301

   54.9863

   55.2430

   55.5004

   55.7583

   56.0169

   56.2760

   56.5358

   56.7961

   57.0570

   57.3186

   57.5807

   57.8435

   58.1068

   58.3708

   58.6353

   58.9005

   59.1662

   59.4326

   59.6995

   59.9671

   60.2352

   60.5039

   60.7733

   61.0432

   61.3138

   61.5849

   61.8567

   62.1290

   62.4020

   62.6755

   62.9497

   63.2244

   63.4998

   63.7757

   64.0522

   64.3294

   64.6071

   64.8855

   65.1644

   65.4440

   65.7241

   66.0049

   66.2862

   66.5682

   66.8507

   67.1339

   67.4176

   67.7020

   67.9869

   68.2724

   68.5586

   68.8453

   69.1327

   69.4206

   69.7092

   69.9983

   70.2881

   70.5784

   70.8694

   71.1609

   71.4531

   71.7458

   72.0391

   72.3331

   72.6276

   72.9228

   73.2185

   73.5149

   73.8118

   74.1094

   74.4075

   74.7063

   75.0056

   75.3056

   75.6061

   75.9072

   76.2090

   76.5113

   76.8143

   77.1178

   77.4220

   77.7267

   78.0321

   78.3380

   78.6446

   78.9517

   79.2595

   79.5678

   79.8768

   80.1863

   80.4964

   80.8072

   81.1185

   81.4305

   81.7430

   82.0562

   82.3699

   82.6843

   82.9992

   83.3148

   83.6309

   83.9477

   84.2650

   84.5829

   84.9015

   85.2206

   85.5404

   85.8607

   86.1817

   86.5032

   86.8254

   87.1481

   87.4715

   87.7954

   88.1200

   88.4451

   88.7708

   89.0972

   89.4241

   89.7517

   90.0798

   90.4086

   90.7379

   91.0679

   91.3984

   91.7296

   92.0613

   92.3937

   92.7266

   93.0601

   93.3943

   93.7290

   94.0644

   94.4003

   94.7369

   95.0740

   95.4118

   95.7501

   96.0891

   96.4286

   96.7688

   97.1095

   97.4509

   97.7928

   98.1353

   98.4785

   98.8222

   99.1666

   99.5115

   99.8571

  100.2032

  100.5500

  100.8973

  101.2453

  101.5938

  101.9430

  102.2927

  102.6430

  102.9940

  103.3455

  103.6977

  104.0504

  104.4038

  104.7577

  105.1123

  105.4674

  105.8232

  106.1795

  106.5365

  106.8940

  107.2521

  107.6109

  107.9702

  108.3302

  108.6907

  109.0519

  109.4136

  109.7760

  110.1389

  110.5025

  110.8666

  111.2314

  111.5967

  111.9626

  112.3292

  112.6963

  113.0641

  113.4324

  113.8014

  114.1709

  114.5411

  114.9118

  115.2832

  115.6551

  116.0277

  116.4008

  116.7746

  117.1489

  117.5238

  117.8994

  118.2755

  118.6523

  119.0296

  119.4076

  119.7861

  120.1653

  120.5450

  120.9254

  121.3063

  121.6879

  122.0700

  122.4527

  122.8361

  123.2200

  123.6046

  123.9897

  124.3755

  124.7618

  125.1488

  125.5363

  125.9245

  126.3132

  126.7026

  127.0925

  127.4830

  127.8742

  128.2659

  128.6583

  129.0512

  129.4448

  129.8389

  130.2337

  130.6290

  131.0250

  131.4215

  131.8187

  132.2164

  132.6148

  133.0137

  133.4132

  133.8134

  134.2141

  134.6155

  135.0174

  135.4200

  135.8231

  136.2269

  136.6312

  137.0362

  137.4417

  137.8479

  138.2546

  138.6619

  139.0699

  139.4784

  139.8876

  140.2973

  140.7077

  141.1186

  141.5302

  141.9423

  142.3551

  142.7684

  143.1824

  143.5969

  144.0120

  144.4278

  144.8441

  145.2611

  145.6786

  146.0968

  146.5155

  146.9349

  147.3548

  147.7754

  148.1965

  148.6183

  149.0406

  149.4635

  149.8871

  150.3112

  150.7360

  151.1613

  151.5873

  152.0138

  152.4410

  152.8687

  153.2971

  153.7260

  154.1556

  154.5857

  155.0165

  155.4478

  155.8797

  156.3123

  156.7454

  157.1792

  157.6135

  158.0485

  158.4840

  158.9202

  159.3569

  159.7943

  160.2322

  160.6708

  161.1099

  161.5496

  161.9900

  162.4309

  162.8725

  163.3146

  163.7574

  164.2007

  164.6447

  165.0892

  165.5344

  165.9801

  166.4265

  166.8734

  167.3209

  167.7691

  168.2178

  168.6672

  169.1171

  169.5677

  170.0188

  170.4706

  170.9229

  171.3759

  171.8294

  172.2836

  172.7383

  173.1937

  173.6496

  174.1061

  174.5633

  175.0210

  175.4794

  175.9383

  176.3979

  176.8580

  177.3188

  177.7801

  178.2421

  178.7046

  179.1678

  179.6315

  180.0958

  180.5608

  181.0263

  181.4925

  181.9592

  182.4266

  182.8945

  183.3631

  183.8322

  184.3020

  184.7723

  185.2433

  185.7148

  186.1869

  186.6597

  187.1330

  187.6070

  188.0815

  188.5567

  189.0324

  189.5088

  189.9857

  190.4633

  190.9414

  191.4202

  191.8995

  192.3794

  192.8600

  193.3411

  193.8229

  194.3052

  194.7882

  195.2717

  195.7559

  196.2406

  196.7260

  197.2119

  197.6985

  198.1856

  198.6734

  199.1617

  199.6506

  200.1402

  200.6303

  201.1211

  201.6124

  202.1044

  202.5969

  203.0901

  203.5838

  204.0782

  204.5731

  205.0687

  205.5648

  206.0615

  206.5589

  207.0568

  207.5554

  208.0545

  208.5543

  209.0546

  209.5556

  210.0571

  210.5593

  211.0620

  211.5654

  212.0693

  212.5738

  213.0790

  213.5847

  214.0911

  214.5980

  215.1056

  215.6137

  216.1225

  216.6318

  217.1418

  217.6523

  218.1635

  218.6752

  219.1876

  219.7005

  220.2140

  220.7282

  221.2429

  221.7583

  222.2742

  222.7908

  223.3079

{èàóùÇÕìríÜÇ≈èIóπÇµÇ‹ÇµÇΩ <a href="matlab:matlab.internal.language.introspective.errorDocCallback('HRdynmc', 'C:\Users\issei\Desktop\2018_Hoppingrover\HRdynmc.m', 22)" style="font-weight:bold">HRdynmc</a> (<a href="matlab: opentoline('C:\Users\issei\Desktop\2018_Hoppingrover\HRdynmc.m',22,0)">line 22</a>)


èÍèä <a href="matlab:matlab.internal.language.introspective.errorDocCallback('euler', 'C:\Users\issei\Desktop\2018_Hoppingrover\util\euler.m', 8)" style="font-weight:bold">euler</a> (<a href="matlab: opentoline('C:\Users\issei\Desktop\2018_Hoppingrover\util\euler.m',8,0)">line 8</a>)
	eval(evalstr);

èÍèä <a href="matlab:matlab.internal.language.introspective.errorDocCallback('HRmain', 'C:\Users\issei\Desktop\2018_Hoppingrover\HRmain.m', 52)" style="font-weight:bold">HRmain</a> (<a href="matlab: opentoline('C:\Users\issei\Desktop\2018_Hoppingrover\HRmain.m',52,0)">line 52</a>)
		euler('HRdynmc');
} 
HRmain
