     6

     0

     3

   1.1190e-05

     3

   4.5322e-05

     3

   1.0266e-04

     3

   1.8316e-04

     3

   2.8678e-04

     3

   4.1345e-04

     3

   5.6309e-04

     3

   7.3560e-04

     3

   9.3085e-04

     3

    0.0011

     3

    0.0014

     3

    0.0017

     3

    0.0019

     3

    0.0022

     3

    0.0026

     3

    0.0029

     3

    0.0033

     3

    0.0037

     3

    0.0041

     3

    0.0045

     3

    0.0050

     3

    0.0054

     1

    0.0059

     1

    0.0064

     1

    0.0068

     1

    0.0073

     1

    0.0078

     1

    0.0082

     1

    0.0087

     1

    0.0092

     1

    0.0096

     1

    0.0101

     1

    0.0106

     1

    0.0110

     1

    0.0115

     1

    0.0120

     1

    0.0125

     1

    0.0129

     1

    0.0134

     1

    0.0139

     1

    0.0143

     1

    0.0148

     1

    0.0153

     1

    0.0157

     1

    0.0162

     1

    0.0167

     1

    0.0171

     1

    0.0176

     1

    0.0181

     1

    0.0186

     1

    0.0190

     1

    0.0195

     1

    0.0200

     1

    0.0204

     1

    0.0209

     1

    0.0214

     1

    0.0218

     1

    0.0223

     1

    0.0228

     1

    0.0232

     1

    0.0237

     1

    0.0242

     1

    0.0247

     1

    0.0251

     1

    0.0256

     1

    0.0261

     1

    0.0265

     1

    0.0270

     1

    0.0275

     1

    0.0279

     1

    0.0284

     1

    0.0289

     1

    0.0293

     1

    0.0298

     1

    0.0303

     1

    0.0308

     1

    0.0312

     1

    0.0317

     1

    0.0322

     1

    0.0326

     1

    0.0331

     1

    0.0336

     1

    0.0340

     1

    0.0345

     1

    0.0350

     1

    0.0354

     1

    0.0359

     1

    0.0364

     1

    0.0369

     1

    0.0373

     1

    0.0378

     1

    0.0383

     1

    0.0387

     1

    0.0392

     1

    0.0397

     1

    0.0401

     1

    0.0406

     1

    0.0411

     1

    0.0415

     1

    0.0420

     1

    0.0425

     1

    0.0430

     1

    0.0434

     1

    0.0439

     1

    0.0444

     1

    0.0448

     1

    0.0453

     1

    0.0458

     1

    0.0462

     1

    0.0467

     1

    0.0472

     1

    0.0476

     1

    0.0481

     1

    0.0486

     1

    0.0491

     1

    0.0495

     1

    0.0500

     1

    0.0505

     1

    0.0509

     1

    0.0514

     1

    0.0519

     1

    0.0523

     1

    0.0528

     1

    0.0533

     1

    0.0537

     1

    0.0542

     1

    0.0547

     1

    0.0551

     1

    0.0556

     1

    0.0561

     1

    0.0566

     1

    0.0570

     1

    0.0575

     1

    0.0580

     1

    0.0584

     1

    0.0589

     1

    0.0594

     1

    0.0598

     1

    0.0603

     1

    0.0608

     1

    0.0612

     1

    0.0617

     1

    0.0622

     1

    0.0627

     1

    0.0631

     1

    0.0636

     1

    0.0641

     1

    0.0645

     1

    0.0650

     1

    0.0655

     1

    0.0659

     1

    0.0664

     1

    0.0669

     1

    0.0673

     1

    0.0678

     1

    0.0683

     1

    0.0688

     1

    0.0692

     1

    0.0697

     1

    0.0702

     1

    0.0706

     1

    0.0711

     1

    0.0716

     1

    0.0720

     1

    0.0725

     1

    0.0730

     1

    0.0734

     1

    0.0739

     1

    0.0744

     1

    0.0749

     1

    0.0753

     1

    0.0758

     1

    0.0763

     1

    0.0767

     1

    0.0772

     1

    0.0777

     1

    0.0781

     1

    0.0786

     1

    0.0791

     1

    0.0795

     1

    0.0800

     1

    0.0805

     1

    0.0810

     1

    0.0814

     1

    0.0819

     1

    0.0824

     1

    0.0828

     1

    0.0833

     1

    0.0838

     1

    0.0842

     1

    0.0847

     1

    0.0852

     1

    0.0856

     1

    0.0861

     1

    0.0866

     1

    0.0871

     1

    0.0875

     1

    0.0880

     1

    0.0885

     1

    0.0889

     1

    0.0894

     1

    0.0899

     1

    0.0903

     1

    0.0908

     1

    0.0913

     1

    0.0917

     1

    0.0922

     1

    0.0927

     1

    0.0932

     1

    0.0936

     1

    0.0941

     1

    0.0946

     1

    0.0950

     1

    0.0955

     1

    0.0960

     1

    0.0964

     1

    0.0969

     1

    0.0974

     1

    0.0978

     1

    0.0983

     1

    0.0988

     1

    0.0993

     1

    0.0997

     1

    0.1002

     1

    0.1007

     1

    0.1011

     1

    0.1016

     1

    0.1021

     1

    0.1025

     1

    0.1030

     1

    0.1035

     1

    0.1039

     1

    0.1044

     1

    0.1049

     1

    0.1054

     1

    0.1058

     1

    0.1063

     1

    0.1068

     1

    0.1072

     1

    0.1077

     1

    0.1082

     1

    0.1086

     1

    0.1091

     1

    0.1096

     1

    0.1100

     1

    0.1105

     1

    0.1110

     1

    0.1115

     1

    0.1119

     1

    0.1124

     1

    0.1129

     1

    0.1133

     1

    0.1138

     1

    0.1143

     1

    0.1147

     1

    0.1152

     1

    0.1157

     1

    0.1161

     1

    0.1166

     1

    0.1171

     1

    0.1176

     1

    0.1180

     1

    0.1185

     1

    0.1190

     1

    0.1194

     1

    0.1199

     1

    0.1204

     1

    0.1208

     1

    0.1213

     1

    0.1218

     1

    0.1222

     1

    0.1227

     1

    0.1232

     1

    0.1237

     1

    0.1241

     1

    0.1246

     1

    0.1251

     1

    0.1255

     1

    0.1260

     1

    0.1265

     1

    0.1269

     1

    0.1274

     1

    0.1279

     1

    0.1283

     1

    0.1288

     1

    0.1293

     1

    0.1298

     1

    0.1302

     1

    0.1307

     1

    0.1312

     1

    0.1316

     1

    0.1321

     1

    0.1326

     1

    0.1330

     1

    0.1335

     1

    0.1340

     1

    0.1344

     1

    0.1349

     1

    0.1354

     1

    0.1358

     1

    0.1363

     1

    0.1368

     1

    0.1373

     1

    0.1377

     1

    0.1382

     1

    0.1387

     1

    0.1391

     1

    0.1396

     1

    0.1401

     1

    0.1405

     1

    0.1410

{èàóùÇÕìríÜÇ≈èIóπÇµÇ‹ÇµÇΩ <a href="matlab:matlab.internal.language.introspective.errorDocCallback('HRjudge', 'C:\Users\issei\Desktop\2018_Hoppingrover\HRjudge.m', 21)" style="font-weight:bold">HRjudge</a> (<a href="matlab: opentoline('C:\Users\issei\Desktop\2018_Hoppingrover\HRjudge.m',21,0)">line 21</a>)


èÍèä <a href="matlab:matlab.internal.language.introspective.errorDocCallback('HRmain', 'C:\Users\issei\Desktop\2018_Hoppingrover\HRmain.m', 53)" style="font-weight:bold">HRmain</a> (<a href="matlab: opentoline('C:\Users\issei\Desktop\2018_Hoppingrover\HRmain.m',53,0)">line 53</a>)
		state = HRjudge(posT);
} 
HRmain
