     6

     0

     6

     0

     6

     0

     6

     0

     6

     0

     6

     0

     3

   9.8077e-10

     3

   7.0542e-08

     3

   2.9059e-07

     3

   6.9298e-07

     3

   1.1907e-06

     3

   1.8732e-06

     3

   2.8325e-06

     3

   4.1612e-06

     3

   5.9517e-06

     3

   8.2962e-06

     3

   1.1287e-05

     3

   1.5018e-05

     3

   1.9580e-05

     3

   2.5066e-05

     3

   3.1552e-05

     3

   3.9086e-05

     3

   4.7715e-05

     3

   5.7485e-05

     3

   6.8441e-05

     3

   8.0630e-05

     3

   9.4097e-05

     3

   1.0889e-04

     3

   1.2505e-04

     3

   1.4263e-04

     3

   1.6167e-04

     3

   1.8222e-04

     3

   2.0433e-04

     3

   2.2804e-04

     3

   2.5339e-04

     3

   2.8043e-04

     3

   3.0921e-04

     3

   3.3977e-04

     3

   3.7216e-04

     3

   4.0643e-04

     3

   4.4261e-04

     3

   4.8076e-04

     3

   5.2091e-04

     3

   5.6313e-04

     3

   6.0744e-04

     3

   6.5389e-04

     3

   7.0254e-04

     3

   7.5341e-04

     3

   8.0657e-04

     3

   8.6204e-04

     3

   9.1989e-04

     3

   9.8014e-04

     3

    0.0010

     3

    0.0011

     3

    0.0012

     3

    0.0012

     3

    0.0013

     3

    0.0014

     3

    0.0015

     3

    0.0016

     3

    0.0016

     3

    0.0017

     3

    0.0018

     3

    0.0019

     3

    0.0020

     3

    0.0021

     3

    0.0022

     3

    0.0023

     3

    0.0024

     3

    0.0025

     3

    0.0026

     3

    0.0028

     3

    0.0029

     3

    0.0030

     3

    0.0031

     3

    0.0033

     3

    0.0034

     3

    0.0035

     3

    0.0037

     3

    0.0038

     3

    0.0040

     3

    0.0041

     3

    0.0043

     3

    0.0044

     3

    0.0046

     3

    0.0048

     3

    0.0049

     3

    0.0051

     3

    0.0053

     3

    0.0055

     3

    0.0056

     3

    0.0058

     3

    0.0060

     3

    0.0062

     3

    0.0064

     3

    0.0066

     3

    0.0068

     3

    0.0070

     3

    0.0072

     3

    0.0074

     3

    0.0077

     3

    0.0079

     1

    0.0081

     1

    0.0083

     1

    0.0086

     1

    0.0088

     1

    0.0090

     1

    0.0092

     1

    0.0095

     1

    0.0097

     1

    0.0099

     1

    0.0101

     1

    0.0103

     1

    0.0106

     1

    0.0108

     1

    0.0110

     1

    0.0112

     1

    0.0115

     1

    0.0117

     1

    0.0119

     1

    0.0121

     1

    0.0124

     1

    0.0126

     1

    0.0128

     1

    0.0130

     1

    0.0133

     1

    0.0135

     1

    0.0137

     1

    0.0139

     1

    0.0141

     1

    0.0144

     1

    0.0146

     1

    0.0148

     1

    0.0150

     1

    0.0153

     1

    0.0155

     1

    0.0157

     1

    0.0159

     1

    0.0162

     1

    0.0164

     1

    0.0166

     1

    0.0168

     1

    0.0171

     1

    0.0173

     1

    0.0175

     1

    0.0177

     1

    0.0179

     1

    0.0182

     1

    0.0184

     1

    0.0186

     1

    0.0188

     1

    0.0191

     1

    0.0193

     1

    0.0195

     1

    0.0197

     1

    0.0200

     1

    0.0202

     1

    0.0204

     1

    0.0206

     1

    0.0209

     1

    0.0211

     1

    0.0213

     1

    0.0215

     1

    0.0217

     1

    0.0220

     1

    0.0222

     1

    0.0224

     1

    0.0226

     1

    0.0229

     1

    0.0231

     1

    0.0233

     1

    0.0235

     1

    0.0238

     1

    0.0240

     1

    0.0242

     1

    0.0244

     1

    0.0247

     1

    0.0249

     1

    0.0251

     1

    0.0253

     1

    0.0256

     1

    0.0258

     1

    0.0260

     1

    0.0262

     1

    0.0264

     1

    0.0267

     1

    0.0269

     1

    0.0271

     1

    0.0273

     1

    0.0276

     1

    0.0278

     1

    0.0280

     1

    0.0282

     1

    0.0285

     1

    0.0287

     1

    0.0289

     1

    0.0291

     1

    0.0294

     1

    0.0296

     1

    0.0298

     1

    0.0300

     1

    0.0302

     1

    0.0305

     1

    0.0307

     1

    0.0309

     1

    0.0311

     1

    0.0314

     1

    0.0316

     1

    0.0318

     1

    0.0320

     1

    0.0323

     1

    0.0325

     1

    0.0327

     1

    0.0329

     1

    0.0332

     1

    0.0334

     1

    0.0336

     1

    0.0338

     1

    0.0340

     1

    0.0343

     1

    0.0345

     1

    0.0347

     1

    0.0349

     1

    0.0352

     1

    0.0354

     1

    0.0356

     1

    0.0358

     1

    0.0361

     1

    0.0363

     1

    0.0365

     1

    0.0367

     1

    0.0370

     1

    0.0372

     1

    0.0374

     1

    0.0376

     1

    0.0378

     1

    0.0381

     1

    0.0383

     1

    0.0385

     1

    0.0387

     1

    0.0390

     1

    0.0392

     1

    0.0394

     1

    0.0396

     1

    0.0399

     1

    0.0401

     1

    0.0403

     1

    0.0405

     1

    0.0408

     1

    0.0410

     1

    0.0412

     1

    0.0414

     1

    0.0417

     1

    0.0419

     1

    0.0421

     1

    0.0423

     1

    0.0425

     1

    0.0428

     1

    0.0430

     1

    0.0432

     1

    0.0434

     1

    0.0437

     1

    0.0439

     1

    0.0441

     1

    0.0443

     1

    0.0446

     1

    0.0448

     1

    0.0450

     1

    0.0452

     1

    0.0455

     1

    0.0457

     1

    0.0459

     1

    0.0461

     1

    0.0463

     1

    0.0466

     1

    0.0468

     1

    0.0470

     1

    0.0472

     1

    0.0475

     1

    0.0477

     1

    0.0479

     1

    0.0481

     1

    0.0484

     1

    0.0486

     1

    0.0488

     1

    0.0490

     1

    0.0493

     1

    0.0495

     1

    0.0497

     1

    0.0499

     1

    0.0501

     1

    0.0504

     1

    0.0506

     1

    0.0508

     1

    0.0510

     1

    0.0513

     1

    0.0515

     1

    0.0517

     1

    0.0519

     1

    0.0522

     1

    0.0524

     1

    0.0526

     1

    0.0528

     1

    0.0531

     1

    0.0533

     1

    0.0535

     1

    0.0537

     1

    0.0539

     1

    0.0542

     1

    0.0544

     1

    0.0546

     1

    0.0548

     1

    0.0551

     1

    0.0553

     1

    0.0555

     1

    0.0557

     1

    0.0560

     1

    0.0562

     1

    0.0564

     1

    0.0566

     1

    0.0569

     1

    0.0571

     1

    0.0573

     1

    0.0575

     1

    0.0577

     1

    0.0580

     1

    0.0582

     1

    0.0584

     1

    0.0586

     1

    0.0589

     1

    0.0591

     1

    0.0593

     1

    0.0595

     1

    0.0598

     1

    0.0600

     1

    0.0602

     1

    0.0604

     1

    0.0607

     1

    0.0609

     1

    0.0611

     1

    0.0613

     1

    0.0616

     1

    0.0618

     1

    0.0620

     1

    0.0622

     1

    0.0624

     1

    0.0627

     1

    0.0629

     1

    0.0631

     1

    0.0633

     1

    0.0636

     1

    0.0638

     1

    0.0640

     1

    0.0642

     1

    0.0645

     1

    0.0647

     1

    0.0649

     1

    0.0651

     1

    0.0654

     1

    0.0656

     1

    0.0658

     1

    0.0660

     1

    0.0662

     1

    0.0665

     1

    0.0667

     1

    0.0669

     1

    0.0671

     1

    0.0674

     1

    0.0676

     1

    0.0678

     1

    0.0680

     1

    0.0683

     1

    0.0685

     1

    0.0687

     1

    0.0689

     1

    0.0692

     1

    0.0694

     1

    0.0696

     1

    0.0698

     1

    0.0700

     1

    0.0703

     1

    0.0705

     1

    0.0707

     1

    0.0709

     1

    0.0712

     1

    0.0714

     1

    0.0716

     1

    0.0718

     1

    0.0721

     1

    0.0723

     1

    0.0725

     1

    0.0727

     1

    0.0730

     1

    0.0732

     1

    0.0734

     1

    0.0736

     1

    0.0738

     1

    0.0741

     1

    0.0743

     1

    0.0745

     1

    0.0747

     1

    0.0750

     1

    0.0752

     1

    0.0754

     1

    0.0756

     1

    0.0759

     1

    0.0761

     1

    0.0763

     1

    0.0765

     1

    0.0768

     1

    0.0770

     1

    0.0772

     1

    0.0774

     1

    0.0776

     1

    0.0779

     1

    0.0781

     1

    0.0783

     1

    0.0785

     1

    0.0788

     1

    0.0790

     1

    0.0792

     1

    0.0794

     1

    0.0797

     1

    0.0799

     1

    0.0801

     1

    0.0803

     1

    0.0806

     1

    0.0808

     1

    0.0810

     1

    0.0812

     1

    0.0815

     1

    0.0817

     1

    0.0819

     1

    0.0821

     1

    0.0823

     1

    0.0826

     1

    0.0828

     1

    0.0830

     1

    0.0832

     1

    0.0835

     1

    0.0837

     1

    0.0839

     1

    0.0841

     1

    0.0844

     1

    0.0846

     1

    0.0848

     1

    0.0850

     1

    0.0853

     1

    0.0855

     1

    0.0857

     1

    0.0859

     1

    0.0861

     1

    0.0864

     1

    0.0866

     1

    0.0868

     1

    0.0870

     1

    0.0873

     1

    0.0875

     1

    0.0877

     1

    0.0879

     1

    0.0882

     1

    0.0884

     1

    0.0886

     1

    0.0888

     1

    0.0891

     1

    0.0893

     1

    0.0895

     1

    0.0897

     1

    0.0899

     1

    0.0902

     1

    0.0904

     1

    0.0906

     1

    0.0908

     1

    0.0911

     1

    0.0913

     1

    0.0915

     1

    0.0917

     1

    0.0920

     1

    0.0922

     1

    0.0924

     1

    0.0926

     1

    0.0929

     1

    0.0931

     1

    0.0933

     1

    0.0935

     1

    0.0937

     1

    0.0940

     1

    0.0942

     1

    0.0944

     1

    0.0946

     1

    0.0949

     1

    0.0951

     1

    0.0953

     1

    0.0955

     1

    0.0958

     1

    0.0960

     1

    0.0962

     1

    0.0964

     1

    0.0967

     1

    0.0969

     1

    0.0971

     1

    0.0973

     1

    0.0975

     1

    0.0978

     1

    0.0980

     1

    0.0982

     1

    0.0984

     1

    0.0987

     1

    0.0989

     1

    0.0991

     1

    0.0993

     1

    0.0996

     1

    0.0998

     1

    0.1000

     1

    0.1002

     1

    0.1005

     1

    0.1007

     1

    0.1009

     1

    0.1011

     1

    0.1014

     1

    0.1016

{エラー: <a href="matlab:matlab.internal.language.introspective.errorDocCallback('pause')" style="font-weight:bold">pause</a>
処理を終了しました

エラー: <a href="matlab:matlab.internal.language.introspective.errorDocCallback('HRdisp', 'C:\Users\issei\Desktop\2018_Hoppingrover\HRdisp.m', 65)" style="font-weight:bold">HRdisp</a> (<a href="matlab: opentoline('C:\Users\issei\Desktop\2018_Hoppingrover\HRdisp.m',65,0)">line 65</a>)
pause(0.01);

エラー: <a href="matlab:matlab.internal.language.introspective.errorDocCallback('HRmain', 'C:\Users\issei\Desktop\2018_Hoppingrover\HRmain.m', 59)" style="font-weight:bold">HRmain</a> (<a href="matlab: opentoline('C:\Users\issei\Desktop\2018_Hoppingrover\HRmain.m',59,0)">line 59</a>)
	  			HRdisp(ts,xs,posT);
} 
HRmain
