     6

     0

     3

   1.0913e-06

     3

   4.5950e-06

     3

   1.0557e-05

     3

   1.8977e-05

     3

   2.9855e-05

     3

   4.3190e-05

     3

   5.8981e-05

     3

   7.7229e-05

     3

   9.7933e-05

     3

   1.2109e-04

     3

   1.4670e-04

     3

   1.7477e-04

     3

   2.0528e-04

     3

   2.3825e-04

     3

   2.7366e-04

     3

   3.1152e-04

     3

   3.5183e-04

     3

   3.9458e-04

     3

   4.3977e-04

     3

   4.8741e-04

     3

   5.3748e-04

     3

   5.8998e-04

     3

   6.4492e-04

     3

   7.0229e-04

     3

   7.6209e-04

     3

   8.2432e-04

     3

   8.8896e-04

     3

   9.5603e-04

     3

    0.0010

     3

    0.0011

     3

    0.0012

     3

    0.0012

     3

    0.0013

     3

    0.0014

     3

    0.0015

     3

    0.0016

     3

    0.0017

     3

    0.0018

     3

    0.0019

     3

    0.0019

     3

    0.0020

     3

    0.0021

     3

    0.0022

     3

    0.0024

     3

    0.0025

     3

    0.0026

     3

    0.0027

     3

    0.0028

     3

    0.0029

     3

    0.0030

     3

    0.0032

     3

    0.0033

     3

    0.0034

     3

    0.0035

     3

    0.0037

     3

    0.0038

     3

    0.0039

     3

    0.0041

     3

    0.0042

     3

    0.0043

     3

    0.0045

     3

    0.0046

     3

    0.0048

     3

    0.0049

     3

    0.0051

     3

    0.0052

     3

    0.0054

     3

    0.0056

     3

    0.0057

     3

    0.0059

     3

    0.0060

     3

    0.0062

     3

    0.0064

     3

    0.0065

     3

    0.0067

     3

    0.0069

     3

    0.0071

     3

    0.0072

     3

    0.0074

     3

    0.0076

     3

    0.0078

     3

    0.0080

     3

    0.0081

     3

    0.0083

     3

    0.0085

     3

    0.0087

     3

    0.0089

     3

    0.0091

     3

    0.0093

     3

    0.0095

     3

    0.0097

     3

    0.0098

     3

    0.0100

     1

    0.0102

     1

    0.0104

     1

    0.0106

     1

    0.0108

     1

    0.0110

     1

    0.0112

     1

    0.0114

     1

    0.0116

     1

    0.0118

     1

    0.0120

     1

    0.0121

     1

    0.0123

     1

    0.0125

     1

    0.0127

     1

    0.0129

     1

    0.0131

     1

    0.0133

     1

    0.0135

     1

    0.0137

     1

    0.0139

     1

    0.0141

     1

    0.0143

     1

    0.0145

     1

    0.0146

     1

    0.0148

     1

    0.0150

     1

    0.0152

     1

    0.0154

     1

    0.0156

     1

    0.0158

     1

    0.0160

     1

    0.0162

     1

    0.0164

     1

    0.0166

     1

    0.0168

     1

    0.0169

     1

    0.0171

     1

    0.0173

     1

    0.0175

     1

    0.0177

     1

    0.0179

     1

    0.0181

     1

    0.0183

     1

    0.0185

     1

    0.0187

     1

    0.0189

     1

    0.0191

     1

    0.0193

     1

    0.0194

     1

    0.0196

     1

    0.0198

     1

    0.0200

     1

    0.0202

     1

    0.0204

     1

    0.0206

     1

    0.0208

     1

    0.0210

     1

    0.0212

     1

    0.0214

     1

    0.0216

     1

    0.0217

     1

    0.0219

     1

    0.0221

     1

    0.0223

     1

    0.0225

     1

    0.0227

     1

    0.0229

     1

    0.0231

     1

    0.0233

     1

    0.0235

     1

    0.0237

     1

    0.0239

     1

    0.0241

     1

    0.0242

     1

    0.0244

     1

    0.0246

     1

    0.0248

     1

    0.0250

     1

    0.0252

     1

    0.0254

     1

    0.0256

     1

    0.0258

     1

    0.0260

     1

    0.0262

     1

    0.0264

     1

    0.0266

     1

    0.0267

     1

    0.0269

     1

    0.0271

     1

    0.0273

     1

    0.0275

     1

    0.0277

     1

    0.0279

     1

    0.0281

     1

    0.0283

     1

    0.0285

     1

    0.0287

     1

    0.0289

     1

    0.0290

     1

    0.0292

     1

    0.0294

     1

    0.0296

     1

    0.0298

     1

    0.0300

     1

    0.0302

     1

    0.0304

     1

    0.0306

     1

    0.0308

     1

    0.0310

     1

    0.0312

     1

    0.0314

     1

    0.0315

     1

    0.0317

     1

    0.0319

     1

    0.0321

     1

    0.0323

     1

    0.0325

     1

    0.0327

     1

    0.0329

     1

    0.0331

     1

    0.0333

     1

    0.0335

     1

    0.0337

     1

    0.0338

     1

    0.0340

     1

    0.0342

     1

    0.0344

     1

    0.0346

     1

    0.0348

     1

    0.0350

     1

    0.0352

     1

    0.0354

     1

    0.0356

     1

    0.0358

     1

    0.0360

     1

    0.0362

     1

    0.0363

     1

    0.0365

     1

    0.0367

     1

    0.0369

     1

    0.0371

     1

    0.0373

     1

    0.0375

     1

    0.0377

     1

    0.0379

     1

    0.0381

     1

    0.0383

     1

    0.0385

     1

    0.0387

     1

    0.0388

     1

    0.0390

     1

    0.0392

     1

    0.0394

     1

    0.0396

     1

    0.0398

     1

    0.0400

     1

    0.0402

     1

    0.0404

{èàóùÇÕìríÜÇ≈èIóπÇµÇ‹ÇµÇΩ <a href="matlab:matlab.internal.language.introspective.errorDocCallback('HRjudge', 'C:\Users\issei\Desktop\2018_Hoppingrover\HRjudge.m', 14)" style="font-weight:bold">HRjudge</a> (<a href="matlab: opentoline('C:\Users\issei\Desktop\2018_Hoppingrover\HRjudge.m',14,0)">line 14</a>)


èÍèä <a href="matlab:matlab.internal.language.introspective.errorDocCallback('HRmain', 'C:\Users\issei\Desktop\2018_Hoppingrover\HRmain.m', 53)" style="font-weight:bold">HRmain</a> (<a href="matlab: opentoline('C:\Users\issei\Desktop\2018_Hoppingrover\HRmain.m',53,0)">line 53</a>)
		state = HRjudge(posT);
} 
pos(2)

ans =

    0.1000

HRmain
