     6

     0

     3

   2.2134e-06

     3

   9.1208e-06

     3

   2.0793e-05

     3

   3.7230e-05

     3

   5.8429e-05

     3

   8.4389e-05

     3

   1.1511e-04

     3

   1.5058e-04

     3

   1.9080e-04

     3

   2.3577e-04

     3

   2.8548e-04

     3

   3.3993e-04

     3

   3.9910e-04

     3

   4.6301e-04

     3

   5.3162e-04

     3

   6.0495e-04

     3

   6.8298e-04

     3

   7.6570e-04

     3

   8.5309e-04

     3

   9.4516e-04

     3

    0.0010

     3

    0.0011

     3

    0.0012

     3

    0.0014

     3

    0.0015

     3

    0.0016

     3

    0.0017

     3

    0.0018

     3

    0.0020

     3

    0.0021

     3

    0.0023

     3

    0.0024

     3

    0.0026

     3

    0.0027

     3

    0.0029

     3

    0.0030

     3

    0.0032

     3

    0.0034

     3

    0.0036

     3

    0.0037

     3

    0.0039

     3

    0.0041

     3

    0.0043

     3

    0.0045

     3

    0.0047

     3

    0.0049

     3

    0.0051

     3

    0.0053

     3

    0.0056

     3

    0.0058

     3

    0.0060

     3

    0.0062

     3

    0.0064

     3

    0.0067

     3

    0.0069

     3

    0.0071

     3

    0.0074

     3

    0.0076

     3

    0.0079

     3

    0.0081

     3

    0.0084

     3

    0.0086

     1

    0.0089

     1

    0.0091

     1

    0.0093

     1

    0.0096

     1

    0.0098

     1

    0.0101

     1

    0.0103

     1

    0.0106

     1

    0.0108

     1

    0.0111

     1

    0.0113

     1

    0.0116

     1

    0.0118

     1

    0.0121

     1

    0.0123

     1

    0.0126

     1

    0.0128

     1

    0.0130

     1

    0.0133

     1

    0.0135

     1

    0.0138

     1

    0.0140

     1

    0.0143

     1

    0.0145

     1

    0.0148

     1

    0.0150

     1

    0.0153

     1

    0.0155

     1

    0.0158

     1

    0.0160

     1

    0.0162

     1

    0.0165

     1

    0.0167

     1

    0.0170

     1

    0.0172

     1

    0.0175

     1

    0.0177

     1

    0.0180

     1

    0.0182

     1

    0.0185

     1

    0.0187

     1

    0.0190

     1

    0.0192

     1

    0.0195

     1

    0.0197

     1

    0.0199

     1

    0.0202

     1

    0.0204

     1

    0.0207

     1

    0.0209

     1

    0.0212

     1

    0.0214

     1

    0.0217

     1

    0.0219

     1

    0.0222

     1

    0.0224

     1

    0.0227

     1

    0.0229

     1

    0.0231

     1

    0.0234

     1

    0.0236

     1

    0.0239

     1

    0.0241

     1

    0.0244

     1

    0.0246

     1

    0.0249

     1

    0.0251

     1

    0.0254

     1

    0.0256

     1

    0.0259

     1

    0.0261

     1

    0.0263

     1

    0.0266

     1

    0.0268

     1

    0.0271

     1

    0.0273

     1

    0.0276

     1

    0.0278

     1

    0.0281

     1

    0.0283

     1

    0.0286

     1

    0.0288

     1

    0.0291

     1

    0.0293

     1

    0.0296

     1

    0.0298

     1

    0.0300

     1

    0.0303

     1

    0.0305

     1

    0.0308

     1

    0.0310

     1

    0.0313

     1

    0.0315

     1

    0.0318

     1

    0.0320

     1

    0.0323

     1

    0.0325

     1

    0.0328

     1

    0.0330

     1

    0.0332

     1

    0.0335

     1

    0.0337

     1

    0.0340

     1

    0.0342

     1

    0.0345

     1

    0.0347

     1

    0.0350

     1

    0.0352

     1

    0.0355

     1

    0.0357

     1

    0.0360

     1

    0.0362

     1

    0.0365

     1

    0.0367

     1

    0.0369

     1

    0.0372

     1

    0.0374

     1

    0.0377

     1

    0.0379

     1

    0.0382

     1

    0.0384

     1

    0.0387

     1

    0.0389

     1

    0.0392

     1

    0.0394

     1

    0.0397

     1

    0.0399

     1

    0.0401

     1

    0.0404

     1

    0.0406

     1

    0.0409

     1

    0.0411

     1

    0.0414

     1

    0.0416

     1

    0.0419

     1

    0.0421

     1

    0.0424

     1

    0.0426

     1

    0.0429

     1

    0.0431

     1

    0.0434

     1

    0.0436

     1

    0.0438

     1

    0.0441

     1

    0.0443

     1

    0.0446

     1

    0.0448

     1

    0.0451

     1

    0.0453

     1

    0.0456

     1

    0.0458

     1

    0.0461

     1

    0.0463

     1

    0.0466

     1

    0.0468

     1

    0.0470

     1

    0.0473

     1

    0.0475

     1

    0.0478

     1

    0.0480

     1

    0.0483

     1

    0.0485

     1

    0.0488

     1

    0.0490

     1

    0.0493

     1

    0.0495

     1

    0.0498

     1

    0.0500

     1

    0.0503

     1

    0.0505

     1

    0.0507

     1

    0.0510

     1

    0.0512

     1

    0.0515

     1

    0.0517

     1

    0.0520

     1

    0.0522

     1

    0.0525

     1

    0.0527

     1

    0.0530

     1

    0.0532

     1

    0.0535

     1

    0.0537

     1

    0.0539

     1

    0.0542

     1

    0.0544

     1

    0.0547

     1

    0.0549

     1

    0.0552

     1

    0.0554

     1

    0.0557

     1

    0.0559

     1

    0.0562

     1

    0.0564

     1

    0.0567

     1

    0.0569

     1

    0.0572

     1

    0.0574

     1

    0.0576

     1

    0.0579

     1

    0.0581

     1

    0.0584

     1

    0.0586

     1

    0.0589

     1

    0.0591

     1

    0.0594

     1

    0.0596

     1

    0.0599

     1

    0.0601

     1

    0.0604

     1

    0.0606

     1

    0.0608

     1

    0.0611

     1

    0.0613

     1

    0.0616

     1

    0.0618

     1

    0.0621

     1

    0.0623

     1

    0.0626

     1

    0.0628

     1

    0.0631

     1

    0.0633

     1

    0.0636

     1

    0.0638

     1

    0.0640

     1

    0.0643

     1

    0.0645

     1

    0.0648

     1

    0.0650

     1

    0.0653

     1

    0.0655

     1

    0.0658

     1

    0.0660

     1

    0.0663

     1

    0.0665

     1

    0.0668

     1

    0.0670

     1

    0.0673

     1

    0.0675

     1

    0.0677

     1

    0.0680

     1

    0.0682

     1

    0.0685

     1

    0.0687

     1

    0.0690

     1

    0.0692

     1

    0.0695

     1

    0.0697

     1

    0.0700

     1

    0.0702

     1

    0.0705

     1

    0.0707

     1

    0.0709

     1

    0.0712

     1

    0.0714

     1

    0.0717

     1

    0.0719

     1

    0.0722

     1

    0.0724

     1

    0.0727

     1

    0.0729

     1

    0.0732

     1

    0.0734

     1

    0.0737

     1

    0.0739

     1

    0.0742

     1

    0.0744

     1

    0.0746

     1

    0.0749

     1

    0.0751

     1

    0.0754

     1

    0.0756

     1

    0.0759

     1

    0.0761

     1

    0.0764

     1

    0.0766

     1

    0.0769

     1

    0.0771

     1

    0.0774

     1

    0.0776

     1

    0.0778

     1

    0.0781

     1

    0.0783

     1

    0.0786

     1

    0.0788

     1

    0.0791

     1

    0.0793

     1

    0.0796

     1

    0.0798

     1

    0.0801

     1

    0.0803

     1

    0.0806

     1

    0.0808

     1

    0.0811

     1

    0.0813

     1

    0.0815

     1

    0.0818

     1

    0.0820

     1

    0.0823

     1

    0.0825

     1

    0.0828

     1

    0.0830

     1

    0.0833

     1

    0.0835

     1

    0.0838

     1

    0.0840

     1

    0.0843

     1

    0.0845

     1

    0.0847

     1

    0.0850

     1

    0.0852

     1

    0.0855

     1

    0.0857

     1

    0.0860

     1

    0.0862

     1

    0.0865

     1

    0.0867

     1

    0.0870

     1

    0.0872

     1

    0.0875

     1

    0.0877

     1

    0.0880

     1

    0.0882

     1

    0.0884

     1

    0.0887

     1

    0.0889

     1

    0.0892

     1

    0.0894

     1

    0.0897

     1

    0.0899

     1

    0.0902

     1

    0.0904

     1

    0.0907

     1

    0.0909

     1

    0.0912

     1

    0.0914

     1

    0.0916

     1

    0.0919

     1

    0.0921

     1

    0.0924

     1

    0.0926

     1

    0.0929

     1

    0.0931

     1

    0.0934

     1

    0.0936

     1

    0.0939

     1

    0.0941

     1

    0.0944

     1

    0.0946

     1

    0.0949

     1

    0.0951

     1

    0.0953

     1

    0.0956

     1

    0.0958

     1

    0.0961

     1

    0.0963

     1

    0.0966

     1

    0.0968

     1

    0.0971

     1

    0.0973

     1

    0.0976

     1

    0.0978

     1

    0.0981

     1

    0.0983

     1

    0.0985

     1

    0.0988

     1

    0.0990

     1

    0.0993

     1

    0.0995

     1

    0.0998

     1

    0.1000

     1

    0.1003

     1

    0.1005

     1

    0.1008

     1

    0.1010

     1

    0.1013

     1

    0.1015

     1

    0.1017

     1

    0.1020

     1

    0.1022

     1

    0.1025

     1

    0.1027

     1

    0.1030

     1

    0.1032

     1

    0.1035

     1

    0.1037

     1

    0.1040

     1

    0.1042

     1

    0.1045

     1

    0.1047

     1

    0.1050

     1

    0.1052

     1

    0.1054

     1

    0.1057

     1

    0.1059

     1

    0.1062

     1

    0.1064

     1

    0.1067

     1

    0.1069

     1

    0.1072

     1

    0.1074

     1

    0.1077

     1

    0.1079

     1

    0.1082

     1

    0.1084

     1

    0.1086

     1

    0.1089

     1

    0.1091

     1

    0.1094

     1

    0.1096

     1

    0.1099

     1

    0.1101

     1

    0.1104

     1

    0.1106

     1

    0.1109

     1

    0.1111

     1

    0.1114

     1

    0.1116

     1

    0.1119

     1

    0.1121

     1

    0.1123

     1

    0.1126

     1

    0.1128

     1

    0.1131

     1

    0.1133

     1

    0.1136

     1

    0.1138

     1

    0.1141

     1

    0.1143

     1

    0.1146

     1

    0.1148

     1

    0.1151

     1

    0.1153

     1

    0.1155

     1

    0.1158

     1

    0.1160

     1

    0.1163

     1

    0.1165

     1

    0.1168

     1

    0.1170

     1

    0.1173

     1

    0.1175

     1

    0.1178

     1

    0.1180

     1

    0.1183

     1

    0.1185

     1

    0.1188

     1

    0.1190

     1

    0.1192

     1

    0.1195

     1

    0.1197

     1

    0.1200

     1

    0.1202

     1

    0.1205

     1

    0.1207

     1

    0.1210

     1

    0.1212

     1

    0.1215

     1

    0.1217

     1

    0.1220

     1

    0.1222

     1

    0.1224

     1

    0.1227

     1

    0.1229

     1

    0.1232

     1

    0.1234

     1

    0.1237

     1

    0.1239

     1

    0.1242

     1

    0.1244

     1

    0.1247

     1

    0.1249

     1

    0.1252

     1

    0.1254

     1

    0.1257

     1

    0.1259

     1

    0.1261

     1

    0.1264

     1

    0.1266

     1

    0.1269

     1

    0.1271

     1

    0.1274

     1

    0.1276

     1

    0.1279

     1

    0.1281

     1

    0.1284

     1

    0.1286

     1

    0.1289

     1

    0.1291

     1

    0.1293

     1

    0.1296

     1

    0.1298

     1

    0.1301

     1

    0.1303

     1

    0.1306

     1

    0.1308

     1

    0.1311

     1

    0.1313

     1

    0.1316

     1

    0.1318

     1

    0.1321

     1

    0.1323

     1

    0.1325

     1

    0.1328

     1

    0.1330

     1

    0.1333

     1

    0.1335

     1

    0.1338

     1

    0.1340

     1

    0.1343

     1

    0.1345

     1

    0.1348

     1

    0.1350

     1

    0.1353

     1

    0.1355

     1

    0.1358

     1

    0.1360

     1

    0.1362

     1

    0.1365

     1

    0.1367

     1

    0.1370

     1

    0.1372

     1

    0.1375

     1

    0.1377

     1

    0.1380

     1

    0.1382

     1

    0.1385

     1

    0.1387

     1

    0.1390

     1

    0.1392

     1

    0.1394

     1

    0.1397

     1

    0.1399

     1

    0.1402

     1

    0.1404

     1

    0.1407

     1

    0.1409

     1

    0.1412

     1

    0.1414

     1

    0.1417

     1

    0.1419

     1

    0.1422

     1

    0.1424

     1

    0.1427

     1

    0.1429

     1

    0.1431

     1

    0.1434

     1

    0.1436

     1

    0.1439

     1

    0.1441

     1

    0.1444

     1

    0.1446

     1

    0.1449

     1

    0.1451

     1

    0.1454

     1

    0.1456

     1

    0.1459

     1

    0.1461

     1

    0.1463

     1

    0.1466

     1

    0.1468

     1

    0.1471

     1

    0.1473

     1

    0.1476

     1

    0.1478

     1

    0.1481

     1

    0.1483

     1

    0.1486

     1

    0.1488

     1

    0.1491

     1

    0.1493

     1

    0.1496

     1

    0.1498

     1

    0.1500

     1

    0.1503

     1

    0.1505

     1

    0.1508

     1

    0.1510

     1

    0.1513

     1

    0.1515

     1

    0.1518

     1

    0.1520

     1

    0.1523

     1

    0.1525

     1

    0.1528

     1

    0.1530

     1

    0.1532

     1

    0.1535

     1

    0.1537

     1

    0.1540

     1

    0.1542

     1

    0.1545

     1

    0.1547

     1

    0.1550

     1

    0.1552

     1

    0.1555

     1

    0.1557

     1

    0.1560

     1

    0.1562

     1

    0.1565

     1

    0.1567

     1

    0.1569

     1

    0.1572

     1

    0.1574

     1

    0.1577

     1

    0.1579

     1

    0.1582

     1

    0.1584

     1

    0.1587

     1

    0.1589

     1

    0.1592

     1

    0.1594

     1

    0.1597

     1

    0.1599

     1

    0.1601

     1

    0.1604

     1

    0.1606

     1

    0.1609

     1

    0.1611

     1

    0.1614

     1

    0.1616

     1

    0.1619

     1

    0.1621

     1

    0.1624

     1

    0.1626

     1

    0.1629

     1

    0.1631

     1

    0.1634

     1

    0.1636

     1

    0.1638

     1

    0.1641

     1

    0.1643

     1

    0.1646

     1

    0.1648

     1

    0.1651

     1

    0.1653

     1

    0.1656

     1

    0.1658

     1

    0.1661

     1

    0.1663

     1

    0.1666

     1

    0.1668

     1

    0.1670

     1

    0.1673

     1

    0.1675

     1

    0.1678

     1

    0.1680

     1

    0.1683

     1

    0.1685

     1

    0.1688

     1

    0.1690

     1

    0.1693

     1

    0.1695

     1

    0.1698

     1

    0.1700

     1

    0.1702

     1

    0.1705

     1

    0.1707

     1

    0.1710

     1

    0.1712

     1

    0.1715

     1

    0.1717

     1

    0.1720

     1

    0.1722

     1

    0.1725

     1

    0.1727

     1

    0.1730

     1

    0.1732

     1

    0.1735

     1

    0.1737

     1

    0.1739

     1

    0.1742

     1

    0.1744

     1

    0.1747

     1

    0.1749

     1

    0.1752

     1

    0.1754

     1

    0.1757

     1

    0.1759

     1

    0.1762

     1

    0.1764

     1

    0.1767

     1

    0.1769

     1

    0.1771

     1

    0.1774

     1

    0.1776

     1

    0.1779

     1

    0.1781

     1

    0.1784

     1

    0.1786

     1

    0.1789

     1

    0.1791

     1

    0.1794

     1

    0.1796

     1

    0.1799

     1

    0.1801

     1

    0.1804

     1

    0.1806

     1

    0.1808

     1

    0.1811

     1

    0.1813

     1

    0.1816

     1

    0.1818

     1

    0.1821

     1

    0.1823

     1

    0.1826

     1

    0.1828

     1

    0.1831

     1

    0.1833

     1

    0.1836

     1

    0.1838

     1

    0.1840

     1

    0.1843

     1

    0.1845

     1

    0.1848

     1

    0.1850

     1

    0.1853

     1

    0.1855

     1

    0.1858

     1

    0.1860

     1

    0.1863

     1

    0.1865

     1

    0.1868

     1

    0.1870

     1

    0.1873

     1

    0.1875

     1

    0.1877

     1

    0.1880

     1

    0.1882

     1

    0.1885

     1

    0.1887

     1

    0.1890

     1

    0.1892

     1

    0.1895

     1

    0.1897

     1

    0.1900

     1

    0.1902

     1

    0.1905

     1

    0.1907

     1

    0.1909

     1

    0.1912

     1

    0.1914

     1

    0.1917

     1

    0.1919

     1

    0.1922

     1

    0.1924

     1

    0.1927

     1

    0.1929

     1

    0.1932

     1

    0.1934

     1

    0.1937

     1

    0.1939

     1

    0.1942

     1

    0.1944

     1

    0.1946

     1

    0.1949

     1

    0.1951

     1

    0.1954

     1

    0.1956

     1

    0.1959

     1

    0.1961

     1

    0.1964

     1

    0.1966

     1

    0.1969

     1

    0.1971

     1

    0.1974

     1

    0.1976

     1

    0.1978

     1

    0.1981

     1

    0.1983

     1

    0.1986

     1

    0.1988

     1

    0.1991

     1

    0.1993

     1

    0.1996

     1

    0.1998

     1

    0.2001

     1

    0.2003

     1

    0.2006

     1

    0.2008

     1

    0.2010

     1

    0.2013

     1

    0.2015

     1

    0.2018

     1

    0.2020

     1

    0.2023

     1

    0.2025

     1

    0.2028

     1

    0.2030

     1

    0.2033

     1

    0.2035

     1

    0.2038

     1

    0.2040

     1

    0.2043

     1

    0.2045

     1

    0.2047

     1

    0.2050

     1

    0.2052

     1

    0.2055

     1

    0.2057

     1

    0.2060

     1

    0.2062

     1

    0.2065

     1

    0.2067

     1

    0.2070

     1

    0.2072

     1

    0.2075

     1

    0.2077

     1

    0.2079

     1

    0.2082

     1

    0.2084

     1

    0.2087

     1

    0.2089

     1

    0.2092

     1

    0.2094

     1

    0.2097

     1

    0.2099

     1

    0.2102

     1

    0.2104

     1

    0.2107

     1

    0.2109

     1

    0.2112

     1

    0.2114

     1

    0.2116

     1

    0.2119

     1

    0.2121

     1

    0.2124

     1

    0.2126

     1

    0.2129

     1

    0.2131

     1

    0.2134

     1

    0.2136

     1

    0.2139

     1

    0.2141

     1

    0.2144

     1

    0.2146

     1

    0.2148

     1

    0.2151

     1

    0.2153

     1

    0.2156

     1

    0.2158

     1

    0.2161

     1

    0.2163

     1

    0.2166

     1

    0.2168

     1

    0.2171

     1

    0.2173

     1

    0.2176

     1

    0.2178

     1

    0.2181

     1

    0.2183

     1

    0.2185

     1

    0.2188

     1

    0.2190

     1

    0.2193

     1

    0.2195

     1

    0.2198

     1

    0.2200

     1

    0.2203

     1

    0.2205

     1

    0.2208

     1

    0.2210

     1

    0.2213

     1

    0.2215

     1

    0.2217

     1

    0.2220

     1

    0.2222

     1

    0.2225

     1

    0.2227

     1

    0.2230

     1

    0.2232

     1

    0.2235

     1

    0.2237

     1

    0.2240

     1

    0.2242

     1

    0.2245

     1

    0.2247

     1

    0.2250

     1

    0.2252

     1

    0.2254

     1

    0.2257

     1

    0.2259

     1

    0.2262

     1

    0.2264

     1

    0.2267

     1

    0.2269

     1

    0.2272

     1

    0.2274

     1

    0.2277

     1

    0.2279

     1

    0.2282

     1

    0.2284

     1

    0.2286

     1

    0.2289

     1

    0.2291

     1

    0.2294

     1

    0.2296

     1

    0.2299

     1

    0.2301

     1

    0.2304

     1

    0.2306

     1

    0.2309

     1

    0.2311

     1

    0.2314

     1

    0.2316

     1

    0.2319

     1

    0.2322

     1

    0.2327

     1

    0.2331

     1

    0.2335

     1

    0.2340

     1

    0.2344

     1

    0.2349

     1

    0.2353

     1

    0.2358

     1

    0.2362

     1

    0.2367

     1

    0.2371

     1

    0.2376

     1

    0.2380

     1

    0.2385

     1

    0.2390

     1

    0.2394

     1

    0.2399

     1

    0.2403

     1

    0.2407

     1

    0.2411

     1

    0.2415

     1

    0.2419

     1

    0.2423

     1

    0.2427

     1

    0.2431

     1

    0.2436

     1

    0.2440

     1

    0.2444

     1

    0.2448

     1

    0.2452

     1

    0.2456

     1

    0.2460

     1

    0.2464

     1

    0.2468

     1

    0.2472

     1

    0.2476

     1

    0.2481

     1

    0.2485

     1

    0.2489

     1

    0.2493

     1

    0.2497

     1

    0.2501

     1

    0.2505

     1

    0.2509

     1

    0.2513

     1

    0.2517

     1

    0.2521

     1

    0.2526

     1

    0.2530

     1

    0.2534

     1

    0.2538

     1

    0.2542

     1

    0.2546

     1

    0.2550

     1

    0.2554

     1

    0.2558

     1

    0.2562

     1

    0.2566

     1

    0.2570

     1

    0.2575

     1

    0.2579

     1

    0.2583

     1

    0.2587

     1

    0.2591

     1

    0.2595

     1

    0.2599

     1

    0.2603

     1

    0.2607

     1

    0.2611

     1

    0.2615

     1

    0.2620

     1

    0.2624

     1

    0.2628

     5

    0.2632

     5

    0.2636

     1

    0.2640

     1

    0.2644

     1

    0.2647

     1

    0.2651

     1

    0.2655

     1

    0.2659

     1

    0.2663

     1

    0.2667

     1

    0.2671

     1

    0.2675

     1

    0.2678

     1

    0.2682

     1

    0.2686

     1

    0.2690

     1

    0.2694

     1

    0.2698

     1

    0.2702

     1

    0.2705

     1

    0.2709

     1

    0.2713

     1

    0.2717

     1

    0.2721

     1

    0.2725

     1

    0.2729

     1

    0.2733

     1

    0.2736

     1

    0.2740

     1

    0.2744

     1

    0.2748

     1

    0.2752

     1

    0.2756

     1

    0.2760

     1

    0.2764

     1

    0.2767

     1

    0.2771

     1

    0.2775

     1

    0.2779

     1

    0.2783

     1

    0.2787

     1

    0.2791

     1

    0.2795

     1

    0.2798

     1

    0.2802

     1

    0.2806

     1

    0.2810

     1

    0.2814

     1

    0.2818

     1

    0.2822

     1

    0.2825

     1

    0.2829

     1

    0.2833

     1

    0.2837

     1

    0.2841

     1

    0.2845

     1

    0.2849

     1

    0.2853

     1

    0.2856

     1

    0.2860

     1

    0.2864

     1

    0.2868

     1

    0.2872

     1

    0.2876

     1

    0.2880

     1

    0.2884

     1

    0.2887

     1

    0.2891

     1

    0.2895

     1

    0.2899

     1

    0.2903

     1

    0.2907

     1

    0.2911

     1

    0.2914

     1

    0.2918

     1

    0.2922

     1

    0.2926

     1

    0.2930

     1

    0.2934

     1

    0.2938

     1

    0.2942

     1

    0.2945

     1

    0.2949

     1

    0.2953

     1

    0.2957

     1

    0.2961

     1

    0.2965

     1

    0.2969

     1

    0.2973

     1

    0.2976

     1

    0.2980

     1

    0.2984

     1

    0.2988

     1

    0.2992

     1

    0.2996

     1

    0.3000

     1

    0.3004

     1

    0.3007

     1

    0.3011

     1

    0.3015

     1

    0.3019

     1

    0.3023

     1

    0.3027

     1

    0.3031

     1

    0.3034

     1

    0.3038

     1

    0.3042

     1

    0.3046

     1

    0.3050

     1

    0.3054

     1

    0.3058

     1

    0.3062

     1

    0.3065

     1

    0.3069

     1

    0.3073

     1

    0.3077

     1

    0.3081

     1

    0.3085

     1

    0.3089

     1

    0.3093

     1

    0.3096

     1

    0.3100

     1

    0.3104

     1

    0.3108

     1

    0.3112

     1

    0.3116

     1

    0.3120

     1

    0.3124

     1

    0.3127

     1

    0.3131

     1

    0.3135

     1

    0.3139

     1

    0.3143

     1

    0.3147

     1

    0.3151

     1

    0.3154

     1

    0.3158

     1

    0.3162

     1

    0.3166

     1

    0.3170

     1

    0.3174

     1

    0.3178

     1

    0.3182

     1

    0.3185

     1

    0.3189

     1

    0.3193

     1

    0.3197

     1

    0.3201

     1

    0.3205

     1

    0.3209

     1

    0.3213

     1

    0.3216

     1

    0.3220

     1

    0.3224

     1

    0.3228

     1

    0.3232

     1

    0.3236

     1

    0.3240

     1

    0.3244

     1

    0.3247

     1

    0.3251

     1

    0.3255

     1

    0.3259

     1

    0.3263

     1

    0.3267

     1

    0.3271

     5

    0.3274

     5

    0.3278

     1

    0.3282

     1

    0.3286

     1

    0.3289

     1

    0.3293

     1

    0.3296

     1

    0.3300

     1

    0.3304

     1

    0.3307

     1

    0.3311

     1

    0.3315

     1

    0.3318

     1

    0.3322

     1

    0.3325

     1

    0.3329

     1

    0.3333

     1

    0.3336

     1

    0.3340

     1

    0.3344

     1

    0.3347

     1

    0.3351

     1

    0.3355

     1

    0.3358

     1

    0.3362

     1

    0.3365

     1

    0.3369

     1

    0.3373

     1

    0.3376

     1

    0.3380

     1

    0.3384

     1

    0.3387

     1

    0.3391

     1

    0.3395

     1

    0.3398

     1

    0.3402

     1

    0.3405

     1

    0.3409

     1

    0.3413

     1

    0.3416

     1

    0.3420

     1

    0.3424

     1

    0.3427

     1

    0.3431

     1

    0.3434

     1

    0.3438

     1

    0.3442

     1

    0.3445

     1

    0.3449

     1

    0.3453

     1

    0.3456

     1

    0.3460

     1

    0.3464

     1

    0.3467

     1

    0.3471

     1

    0.3474

     1

    0.3478

     1

    0.3482

     1

    0.3485

     1

    0.3489

     1

    0.3493

     1

    0.3496

     1

    0.3500

     1

    0.3504

     1

    0.3507

     1

    0.3511

     1

    0.3514

     1

    0.3518

     1

    0.3522

     1

    0.3525

     1

    0.3529

     1

    0.3533

     1

    0.3536

     1

    0.3540

     1

    0.3543

     1

    0.3547

     1

    0.3550

     1

    0.3554

     1

    0.3557

     1

    0.3561

     1

    0.3564

     1

    0.3568

     1

    0.3571

     1

    0.3575

     1

    0.3578

     1

    0.3582

     1

    0.3585

     1

    0.3589

     1

    0.3592

     1

    0.3596

     1

    0.3600

     1

    0.3603

     1

    0.3607

     1

    0.3610

     1

    0.3614

     1

    0.3617

     1

    0.3621

     1

    0.3624

     1

    0.3628

     5

    0.3631

     5

    0.3634

     5

    0.3638

     5

    0.3641

     5

    0.3644

     5

    0.3647

     5

    0.3650

     5

    0.3654

     5

    0.3657

     5

    0.3660

     5

    0.3663

     5

    0.3666

     5

    0.3670

     5

    0.3673

     5

    0.3676

     5

    0.3679

     5

    0.3682

     5

    0.3685

     5

    0.3689

     5

    0.3692

     5

    0.3695

     5

    0.3698

     5

    0.3701

     5

    0.3704

     5

    0.3708

     5

    0.3711

     5

    0.3714

     5

    0.3717

     5

    0.3720

     5

    0.3723

     1

    0.3727

     1

    0.3730

     1

    0.3733

     1

    0.3736

     1

    0.3739

     1

    0.3742

     1

    0.3745

     1

    0.3749

     1

    0.3752

     5

    0.3755

     5

    0.3758

     5

    0.3761

     5

    0.3764

     5

    0.3766

     5

    0.3769

     5

    0.3772

     5

    0.3775

     5

    0.3778

     5

    0.3781

     5

    0.3784

     5

    0.3787

     5

    0.3790

     5

    0.3793

     5

    0.3796

     5

    0.3799

     5

    0.3802

     5

    0.3805

     1

    0.3807

     1

    0.3810

     1

    0.3813

     1

    0.3816

     1

    0.3819

     1

    0.3822

     1

    0.3825

     1

    0.3828

     5

    0.3831

     5

    0.3833

     5

    0.3836

     5

    0.3839

     5

    0.3842

     5

    0.3844

     5

    0.3847

     5

    0.3850

     5

    0.3853

     5

    0.3855

     5

    0.3858

     5

    0.3861

     5

    0.3864

     5

    0.3866

     5

    0.3869

     5

    0.3872

     1

    0.3875

     1

    0.3877

     1

    0.3880

     1

    0.3883

     1

    0.3886

     1

    0.3888

     1

    0.3891

     5

    0.3894

     5

    0.3896

     5

    0.3899

     5

    0.3902

     5

    0.3904

     5

    0.3907

     5

    0.3909

     5

    0.3912

     5

    0.3915

     5

    0.3917

     5

    0.3920

     5

    0.3922

     5

    0.3925

     5

    0.3928

     5

    0.3930

     3

    0.3932

     3

    0.3934

     3

    0.3935

     1

    0.3937

     1

    0.3939

     1

    0.3940

     1

    0.3942

     1

    0.3943

     1

    0.3945

     1

    0.3947

     1

    0.3948

     1

    0.3950

     1

    0.3952

     1

    0.3953

     1

    0.3955

     1

    0.3956

     1

    0.3958

     1

    0.3960

     1

    0.3961

     1

    0.3963

     1

    0.3965

     1

    0.3966

     1

    0.3968

     1

    0.3969

     1

    0.3971

     1

    0.3973

     1

    0.3974

     1

    0.3976

     1

    0.3978

     1

    0.3979

     1

    0.3981

     1

    0.3982

     1

    0.3984

     1

    0.3986

     1

    0.3987

     1

    0.3989

     1

    0.3991

     1

    0.3992

     1

    0.3994

     1

    0.3995

     1

    0.3997

     1

    0.3999

     1

    0.4000

     1

    0.4002

     1

    0.4004

     1

    0.4005

     1

    0.4007

     1

    0.4008

     1

    0.4010

     1

    0.4012

     1

    0.4013

     1

    0.4015

     1

    0.4017

     1

    0.4018

     1

    0.4020

     1

    0.4021

     1

    0.4023

     1

    0.4025

     1

    0.4026

     1

    0.4028

     1

    0.4029

     1

    0.4031

     1

    0.4033

     1

    0.4034

     1

    0.4036

     1

    0.4038

     1

    0.4039

     1

    0.4041

     1

    0.4042

     1

    0.4044

     1

    0.4046

     1

    0.4047

     1

    0.4049

     1

    0.4051

     1

    0.4052

     1

    0.4054

     1

    0.4055

     1

    0.4057

     1

    0.4059

     1

    0.4060

     1

    0.4062

     1

    0.4064

     1

    0.4065

     1

    0.4067

     1

    0.4068

     1

    0.4070

     1

    0.4072

     1

    0.4073

     1

    0.4075

     1

    0.4077

     1

    0.4078

     1

    0.4080

     1

    0.4081

     1

    0.4083

     1

    0.4085

     1

    0.4086

     1

    0.4088

     1

    0.4090

     1

    0.4091

     1

    0.4093

     1

    0.4094

     1

    0.4096

     5

    0.4098

     5

    0.4099

     5

    0.4101

     5

    0.4103

     5

    0.4104

     5

    0.4106

     5

    0.4108

     5

    0.4109

     5

    0.4111

     1

    0.4113

     1

    0.4114

     1

    0.4116

     1

    0.4118

     1

    0.4119

     1

    0.4121

     1

    0.4123

     1

    0.4124

     1

    0.4126

     1

    0.4127

     1

    0.4129

     1

    0.4131

     1

    0.4132

     5

    0.4134

     5

    0.4136

     5

    0.4137

     5

    0.4139

     5

    0.4140

     5

    0.4142

     5

    0.4143

     5

    0.4145

     5

    0.4147

     5

    0.4148

     5

    0.4150

     5

    0.4151

     5

    0.4153

     5

    0.4154

     5

    0.4156

     5

    0.4157

     5

    0.4159

     5

    0.4160

     5

    0.4162

     5

    0.4164

     3

    0.4165

     3

    0.4166

     3

    0.4167

     3

    0.4168

     3

    0.4169

     3

    0.4170

     3

    0.4171

     1

    0.4172

     1

    0.4173

     1

    0.4174

     1

    0.4175

     1

    0.4176

     1

    0.4177

     1

    0.4179

     1

    0.4180

     1

    0.4181

     1

    0.4182

     1

    0.4183

     1

    0.4184

     1

    0.4185

     1

    0.4186

     1

    0.4187

     1

    0.4188

     1

    0.4189

     1

    0.4190

     1

    0.4191

     1

    0.4192

     1

    0.4193

     1

    0.4194

     1

    0.4195

     1

    0.4196

     1

    0.4197

     1

    0.4198

     1

    0.4199

     1

    0.4200

     1

    0.4201

     1

    0.4202

     1

    0.4204

     1

    0.4205

     1

    0.4206

     1

    0.4207

     1

    0.4208

     1

    0.4209

     1

    0.4210

     1

    0.4211

     1

    0.4212

     1

    0.4213

     1

    0.4214

     1

    0.4215

     1

    0.4216

     1

    0.4217

     1

    0.4218

     1

    0.4219

     1

    0.4220

     1

    0.4221

     1

    0.4222

     1

    0.4223

     1

    0.4224

     1

    0.4225

     5

    0.4226

     5

    0.4228

     5

    0.4229

     5

    0.4230

     5

    0.4231

     5

    0.4232

     5

    0.4233

     5

    0.4234

     5

    0.4235

     5

    0.4236

     5

    0.4237

     5

    0.4238

     1

    0.4239

     1

    0.4240

     1

    0.4241

     1

    0.4242

     1

    0.4243

     1

    0.4245

     1

    0.4246

     1

    0.4247

     1

    0.4248

     1

    0.4249

     1

    0.4250

     1

    0.4251

     5

    0.4252

     5

    0.4253

     5

    0.4254

     5

    0.4255

     3

    0.4256

     3

    0.4257

     3

    0.4257

     3

    0.4258

     3

    0.4259

     3

    0.4260

     3

    0.4260

     3

    0.4261

     3

    0.4262

     3

    0.4263

     3

    0.4263

     3

    0.4264

     3

    0.4265

     3

    0.4266

     1

    0.4266

     1

    0.4267

     1

    0.4268

     1

    0.4268

     1

    0.4269

     1

    0.4270

     1

    0.4271

     1

    0.4271

     1

    0.4272

     1

    0.4273

     1

    0.4273

     1

    0.4274

     1

    0.4275

     1

    0.4276

     1

    0.4276

     1

    0.4277

     1

    0.4278

     1

    0.4279

     1

    0.4279

     1

    0.4280

     1

    0.4281

     1

    0.4281

     1

    0.4282

     1

    0.4283

     1

    0.4284

     1

    0.4284

     1

    0.4285

     1

    0.4286

     1

    0.4286

     1

    0.4287

     5

    0.4288

     5

    0.4289

     5

    0.4289

     5

    0.4290

     5

    0.4291

     5

    0.4292

     5

    0.4292

     5

    0.4293

     5

    0.4294

     5

    0.4295

     5

    0.4295

     5

    0.4296

     5

    0.4297

     5

    0.4298

     5

    0.4298

     3

    0.4299

     3

    0.4300

     3

    0.4300

     3

    0.4301

     3

    0.4301

     3

    0.4302

     3

    0.4302

     3

    0.4303

     3

    0.4303

     3

    0.4304

     3

    0.4304

     3

    0.4305

     3

    0.4305

     3

    0.4306

     3

    0.4306

     3

    0.4307

     3

    0.4307

     3

    0.4308

     3

    0.4308

     1

    0.4309

     1

    0.4309

     1

    0.4310

     1

    0.4310

     1

    0.4311

     1

    0.4311

     1

    0.4312

     1

    0.4312

     1

    0.4313

     1

    0.4313

     1

    0.4314

     1

    0.4314

     1

    0.4315

     1

    0.4315

     1

    0.4316

     1

    0.4316

     1

    0.4317

     1

    0.4317

     1

    0.4318

     1

    0.4318

     1

    0.4319

     1

    0.4319

     1

    0.4320

     1

    0.4320

     1

    0.4321

     1

    0.4321

     5

    0.4322

     5

    0.4322

     5

    0.4323

     5

    0.4323

     5

    0.4324

     5

    0.4324

     5

    0.4325

     5

    0.4326

     5

    0.4326

     5

    0.4327

     5

    0.4327

     5

    0.4328

     5

    0.4328

     3

    0.4329

     3

    0.4329

     3

    0.4330

     3

    0.4330

     3

    0.4330

     3

    0.4331

     3

    0.4331

     3

    0.4332

     3

    0.4332

     3

    0.4332

     3

    0.4333

     3

    0.4333

     3

    0.4333

     3

    0.4334

     3

    0.4334

     3

    0.4334

     3

    0.4335

     3

    0.4335

     3

    0.4335

     3

    0.4336

     3

    0.4336

     3

    0.4336

     3

    0.4337

     3

    0.4337

     1

    0.4337

     1

    0.4338

     1

    0.4338

     1

    0.4338

     1

    0.4339

     1

    0.4339

     1

    0.4339

     1

    0.4340

     1

    0.4340

     1

    0.4340

     1

    0.4341

     1

    0.4341

     1

    0.4341

     1

    0.4342

     1

    0.4342

     1

    0.4342

     1

    0.4343

     1

    0.4343

     1

    0.4343

     5

    0.4344

     5

    0.4344

     5

    0.4345

     5

    0.4345

     5

    0.4345

     5

    0.4346

     5

    0.4346

     5

    0.4347

     5

    0.4347

     5

    0.4347

     5

    0.4348

     5

    0.4348

     5

    0.4349

     3

    0.4349

     3

    0.4349

     3

    0.4349

     3

    0.4350

     3

    0.4350

     3

    0.4350

     3

    0.4350

     3

    0.4351

     3

    0.4351

     3

    0.4351

     3

    0.4351

     3

    0.4352

     3

    0.4352

     3

    0.4352

     3

    0.4352

     3

    0.4353

     3

    0.4353

     3

    0.4353

     3

    0.4353

     3

    0.4354

     3

    0.4354

     3

    0.4354

     3

    0.4354

     3

    0.4354

     3

    0.4355

     3

    0.4355

     3

    0.4355

     1

    0.4355

     1

    0.4355

     1

    0.4356

     1

    0.4356

     1

    0.4356

     1

    0.4356

     1

    0.4356

     1

    0.4357

     1

    0.4357

     1

    0.4357

     1

    0.4357

     1

    0.4357

     5

    0.4358

     5

    0.4358

     5

    0.4358

     5

    0.4358

     5

    0.4359

     5

    0.4359

     5

    0.4359

     5

    0.4359

     5

    0.4360

     5

    0.4360

     5

    0.4360

     5

    0.4360

     5

    0.4361

     5

    0.4361

     5

    0.4361

     3

    0.4361

     3

    0.4362

     3

    0.4362

     3

    0.4362

     3

    0.4362

     3

    0.4362

     3

    0.4362

     3

    0.4362

     3

    0.4363

     3

    0.4363

     3

    0.4363

     3

    0.4363

     3

    0.4363

     3

    0.4363

     3

    0.4363

     3

    0.4363

     3

    0.4364

     3

    0.4364

     3

    0.4364

     3

    0.4364

     3

    0.4364

     3

    0.4364

     3

    0.4364

     3

    0.4364

     3

    0.4364

     3

    0.4364

     3

    0.4364

     3

    0.4364

     1

    0.4365

     1

    0.4365

     1

    0.4365

     1

    0.4365

     1

    0.4365

     1

    0.4365

     1

    0.4365

     5

    0.4365

     5

    0.4365

     5

    0.4365

     5

    0.4366

     5

    0.4366

     5

    0.4366

     5

    0.4366

     5

    0.4366

     5

    0.4366

     5

    0.4366

     5

    0.4366

     5

    0.4367

     5

    0.4367

     5

    0.4367

     5

    0.4367

     5

    0.4367

     5

    0.4367

     3

    0.4367

     3

    0.4367

     3

    0.4367

     3

    0.4367

     3

    0.4367

     3

    0.4367

     3

    0.4367

     3

    0.4367

     3

    0.4367

     3

    0.4367

     3

    0.4368

     3

    0.4368

     3

    0.4368

     3

    0.4368

     3

    0.4368

     3

    0.4368

     3

    0.4367

     3

    0.4367

     3

    0.4367

     3

    0.4367

     3

    0.4367

     3

    0.4367

     5

    0.4367

     5

    0.4367

     5

    0.4367

     5

    0.4367

     5

    0.4367

     5

    0.4367

     5

    0.4367

     5

    0.4367

     5

    0.4367

     5

    0.4367

     5

    0.4367

     5

    0.4367

     5

    0.4367

     5

    0.4367

     5

    0.4367

     5

    0.4367

     5

    0.4367

     5

    0.4367

     3

    0.4367

     3

    0.4367

     3

    0.4367

     3

    0.4367

     3

    0.4367

     3

    0.4367

     3

    0.4367

     3

    0.4367

     3

    0.4367

     5

    0.4367

     5

    0.4367

     5

    0.4367

     5

    0.4367

     5

    0.4367

     5

    0.4367

     5

    0.4367

     5

    0.4367

     5

    0.4367

     5

    0.4367

     3

    0.4367

     3

    0.4367

     3

    0.4367

     3

    0.4367

     5

    0.4367

     5

    0.4367

     5

    0.4367

     5

    0.4367

     5

    0.4367

     3

    0.4367

     5

    0.4367

     5

    0.4367

     3

    0.4367

     5

    0.4367

     7

    0.4367

     6

    0.4367

     6

    0.4367

     6

    0.4367

     6

    0.4367

     6

    0.4367

     6

    0.4367

     6

    0.4367

     6

    0.4367

     6

    0.4367

     6

    0.4367

     6

    0.4367

     6

    0.4367

Hurrah! The rover has reached the target point at   201 s (TTRTP)
