if system_dependent('IsDebugMode')==1, dbcont; end
if system_dependent('IsDebugMode')==1, dbcont; end
インデックスが配列範囲を超えています。

エラー: <a href="matlab:matlab.internal.language.introspective.errorDocCallback('Control', 'C:\Users\issei\Desktop\2018_Hoppingrover\entry01\Control.m', 30)" style="font-weight:bold">Control</a> (<a href="matlab: opentoline('C:\Users\issei\Desktop\2018_Hoppingrover\entry01\Control.m',30,0)">line 30</a>)
t_cmd = myInput(index);

エラー: <a href="matlab:matlab.internal.language.introspective.errorDocCallback('HRmain', 'C:\Users\issei\Desktop\2018_Hoppingrover\HRmain.m', 43)" style="font-weight:bold">HRmain</a> (<a href="matlab: opentoline('C:\Users\issei\Desktop\2018_Hoppingrover\HRmain.m',43,0)">line 43</a>)
			t_cmd = Control(pos,vel,the,omg,posT,t_,smt_,state);

ga

myInput =

   1.0e-03 *

  1 列から 13 列

   -0.4814   -0.1639    0.3011   -0.2273    0.1824   -0.4536    0.2440   -0.1175    0.4827    0.0987   -0.1086    0.1700    0.1835

  14 列から 26 列

   -0.1294    0.1459    0.4282   -0.0549    0.0893    0.2162    0.0829   -0.3295    0.1677   -0.4675   -0.0073   -0.2795    0.0366

  27 列から 39 列

    0.4610    0.2330   -0.3683    0.4764   -0.3459   -0.3579    0.0902   -0.0185   -0.1798    0.2975   -0.4913   -0.2020   -0.2236

  40 列から 52 列

    0.2576    0.0832    0.1540   -0.2546    0.3844   -0.2162   -0.4056    0.4555   -0.3790   -0.3832   -0.1753    0.0784   -0.0089

  53 列から 65 列

    0.0969   -0.4683   -0.2895    0.3954   -0.1156   -0.0000    0.0795   -0.4605   -0.2831   -0.1491    0.3950    0.1164    0.3788

  66 列から 78 列

   -0.1441   -0.0872    0.2518   -0.0151    0.2402    0.3918    0.3202   -0.0034    0.0497    0.4588   -0.2870   -0.3707   -0.4565

  79 列から 91 列

   -0.4134   -0.2514   -0.4277    0.4080   -0.3549   -0.1293    0.4439   -0.3335    0.1035   -0.3026    0.4592    0.2007   -0.3717

  92 列から 104 列

    0.4505    0.4498   -0.0470    0.1820   -0.2785    0.0739    0.3644    0.4207   -0.3235    0.3972   -0.4118    0.3549    0.0563

  105 列から 117 列

   -0.2755    0.0152   -0.4275    0.1124   -0.3271    0.3806    0.1709    0.0618    0.0351   -0.0731    0.2869   -0.2001   -0.0129

  118 列から 130 列

   -0.2139   -0.0009    0.1126   -0.4086   -0.4239    0.3953   -0.3221    0.0366    0.1824    0.0858   -0.4516    0.3656   -0.2723

  131 列から 143 列

   -0.2352    0.1860   -0.0166   -0.3020    0.2501   -0.0931   -0.0519    0.2741   -0.3540    0.3247   -0.0135    0.1142    0.4689

  144 列から 156 列

   -0.4799   -0.2522   -0.0169   -0.1696   -0.0552    0.4613   -0.2208    0.3679    0.3289    0.2773   -0.2180   -0.4557   -0.1204

  157 列から 169 列

   -0.4179    0.3869    0.2127   -0.0954    0.4100   -0.1215   -0.3874   -0.2415    0.3851   -0.3750    0.4595    0.0005    0.2287

  170 列から 182 列

    0.4812    0.2073   -0.3704   -0.1535   -0.1298    0.1190    0.1383   -0.1629    0.1491    0.4413   -0.0360    0.3633   -0.3233

  183 列から 195 列

   -0.2010   -0.4337   -0.1163   -0.1898    0.1538    0.0435    0.4597    0.2570    0.1107    0.4729    0.2414   -0.2085    0.3049

  196 列から 208 列

   -0.0864    0.1058   -0.1590    0.0330    0.2660    0.4326   -0.1615   -0.0309   -0.0635   -0.1457    0.4962   -0.0190    0.3499

  209 列から 221 列

    0.2969    0.1916    0.2190   -0.3418   -0.3607    0.0576    0.0354    0.3535    0.3516    0.1817   -0.3227   -0.3328    0.2457

  222 列から 234 列

   -0.4217    0.3410   -0.2955   -0.0908   -0.4205   -0.2791    0.0525    0.4447    0.2089    0.3131   -0.4000    0.3646   -0.0828

  235 列から 247 列

   -0.2569   -0.3742   -0.4198   -0.0408    0.3585   -0.2698   -0.3857   -0.0211    0.2388    0.0172    0.0877   -0.1333    0.0553

  248 列から 260 列

    0.2008    0.4368    0.4484   -0.4323    0.3547   -0.0507    0.0248   -0.1245   -0.4657   -0.3027    0.2200   -0.4071   -0.2195

  261 列から 273 列

    0.1723   -0.3085    0.3239   -0.1855   -0.0020   -0.3484   -0.4158    0.0346    0.1634    0.0316    0.4174   -0.2797    0.0835

  274 列から 286 列

   -0.0418   -0.4736    0.2079    0.4150    0.4488    0.3406    0.0319    0.0341    0.0421   -0.1781    0.4818   -0.1410    0.0882

  287 列から 299 列

   -0.1018   -0.4257   -0.4597   -0.4583    0.2994    0.3776    0.2069   -0.1987   -0.2408   -0.3045    0.4117   -0.4882   -0.4378

  300 列から 301 列

    0.1971    0.3026

if system_dependent('IsDebugMode')==1, dbcont; end
if system_dependent('IsDebugMode')==1, dbcont; end
if system_dependent('IsDebugMode')==1, dbcont; end
