     6

     0

     6

     0

     6

     0

     6

     0

     6

     0

     6

     0

     6

     0

     6

     0

     6

     0

     6

     0

     6

     0

     3

   9.8077e-10

     3

   6.4202e-08

     3

   2.7931e-07

     3

   6.3986e-07

     3

   1.1957e-06

     3

   1.9189e-06

     3

   2.6753e-06

     3

   3.5078e-06

     3

   4.4628e-06

     3

   5.5862e-06

     3

   6.9244e-06

     3

   8.5236e-06

     3

   1.0430e-05

     3

   1.2690e-05

     3

   1.5349e-05

     3

   1.8454e-05

     3

   2.2052e-05

     3

   2.6189e-05

     3

   3.0910e-05

     3

   3.6264e-05

     3

   4.2295e-05

     3

   4.9052e-05

     3

   5.6581e-05

     3

   6.4928e-05

     3

   7.4141e-05

     3

   8.4268e-05

     3

   9.5351e-05

     3

   1.0742e-04

     3

   1.2051e-04

     3

   1.3464e-04

     3

   1.4983e-04

     3

   1.6610e-04

     3

   1.8348e-04

     3

   2.0198e-04

     3

   2.2164e-04

     3

   2.4248e-04

     3

   2.6451e-04

     3

   2.8777e-04

     3

   3.1226e-04

     3

   3.3803e-04

     3

   3.6508e-04

     3

   3.9345e-04

     3

   4.2315e-04

     3

   4.5422e-04

     3

   4.8666e-04

     3

   5.2050e-04

     3

   5.5577e-04

     3

   5.9249e-04

     3

   6.3068e-04

     3

   6.7037e-04

     3

   7.1157e-04

     3

   7.5431e-04

     3

   7.9861e-04

     3

   8.4449e-04

     3

   8.9198e-04

     3

   9.4109e-04

     3

   9.9186e-04

     3

    0.0010

     3

    0.0011

     3

    0.0012

     3

    0.0012

     3

    0.0013

     3

    0.0013

     3

    0.0014

     3

    0.0015

     3

    0.0015

     3

    0.0016

     3

    0.0017

     3

    0.0017

     3

    0.0018

     3

    0.0019

     3

    0.0020

     3

    0.0020

     3

    0.0021

     3

    0.0022

     3

    0.0023

     3

    0.0024

     3

    0.0025

     3

    0.0026

     3

    0.0027

     3

    0.0028

     3

    0.0029

     3

    0.0030

     3

    0.0031

     3

    0.0032

     3

    0.0033

     3

    0.0034

     3

    0.0035

     3

    0.0036

     3

    0.0037

     3

    0.0039

     3

    0.0040

     3

    0.0041

     3

    0.0042

     3

    0.0044

     3

    0.0045

     3

    0.0046

     3

    0.0048

     3

    0.0049

     3

    0.0050

     3

    0.0052

     3

    0.0053

     3

    0.0055

     3

    0.0056

     3

    0.0058

     3

    0.0059

     3

    0.0061

     3

    0.0062

     3

    0.0064

     3

    0.0066

     3

    0.0067

     3

    0.0069

     3

    0.0071

     3

    0.0073

     3

    0.0074

     3

    0.0076

     3

    0.0078

     3

    0.0080

     3

    0.0082

     3

    0.0084

     3

    0.0085

     3

    0.0087

     3

    0.0089

     3

    0.0091

     3

    0.0093

     3

    0.0095

     3

    0.0097

     3

    0.0099

     3

    0.0102

     3

    0.0104

     3

    0.0106

     3

    0.0108

     3

    0.0110

     3

    0.0112

     3

    0.0114

     3

    0.0116

     3

    0.0119

     1

    0.0121

     1

    0.0123

     1

    0.0125

     1

    0.0127

     1

    0.0130

     1

    0.0132

     1

    0.0134

     1

    0.0136

     1

    0.0138

     1

    0.0140

     1

    0.0143

     1

    0.0145

     1

    0.0147

     1

    0.0149

     1

    0.0151

     1

    0.0153

     1

    0.0156

     1

    0.0158

     1

    0.0160

     1

    0.0162

     1

    0.0164

     1

    0.0166

     1

    0.0169

     1

    0.0171

     1

    0.0173

     1

    0.0175

     1

    0.0177

     1

    0.0179

     1

    0.0182

     1

    0.0184

     1

    0.0186

     1

    0.0188

     1

    0.0190

     1

    0.0192

     1

    0.0195

     1

    0.0197

     1

    0.0199

     1

    0.0201

     1

    0.0203

     1

    0.0205

     1

    0.0208

     1

    0.0210

     1

    0.0212

     1

    0.0214

     1

    0.0216

     1

    0.0218

     1

    0.0221

     1

    0.0223

     1

    0.0225

     1

    0.0227

     1

    0.0229

     1

    0.0231

     1

    0.0234

     1

    0.0236

     1

    0.0238

     1

    0.0240

     1

    0.0242

     1

    0.0244

     1

    0.0247

     1

    0.0249

     1

    0.0251

     1

    0.0253

     1

    0.0255

     1

    0.0257

     1

    0.0260

     1

    0.0262

     1

    0.0264

     1

    0.0266

     1

    0.0268

     1

    0.0270

     1

    0.0273

     1

    0.0275

     1

    0.0277

     1

    0.0279

     1

    0.0281

     1

    0.0283

     1

    0.0286

     1

    0.0288

     1

    0.0290

     1

    0.0292

     1

    0.0294

     1

    0.0296

     1

    0.0299

     1

    0.0301

     1

    0.0303

     1

    0.0305

     1

    0.0307

     1

    0.0310

     1

    0.0312

     1

    0.0314

     1

    0.0316

     1

    0.0318

     1

    0.0320

     1

    0.0323

     1

    0.0325

     1

    0.0327

     1

    0.0329

     1

    0.0331

     1

    0.0333

     1

    0.0336

     1

    0.0338

     1

    0.0340

     1

    0.0342

     1

    0.0344

     1

    0.0346

     1

    0.0349

     1

    0.0351

     1

    0.0353

     1

    0.0355

     1

    0.0357

     1

    0.0359

     1

    0.0362

     1

    0.0364

     1

    0.0366

     1

    0.0368

     1

    0.0370

     1

    0.0372

     1

    0.0375

     1

    0.0377

     1

    0.0379

     1

    0.0381

     1

    0.0383

     1

    0.0385

     1

    0.0388

     1

    0.0390

     1

    0.0392

     1

    0.0394

     1

    0.0396

     1

    0.0398

     1

    0.0401

     1

    0.0403

     1

    0.0405

     1

    0.0407

     1

    0.0409

     1

    0.0411

     1

    0.0414

     1

    0.0416

     1

    0.0418

     1

    0.0420

     1

    0.0422

     1

    0.0424

     1

    0.0427

     1

    0.0429

     1

    0.0431

     1

    0.0433

     1

    0.0435

     1

    0.0437

     1

    0.0440

     1

    0.0442

     1

    0.0444

     1

    0.0446

     1

    0.0448

     1

    0.0450

     1

    0.0453

     1

    0.0455

     1

    0.0457

     1

    0.0459

     1

    0.0461

     1

    0.0463

     1

    0.0466

     1

    0.0468

     1

    0.0470

     1

    0.0472

     1

    0.0474

     1

    0.0476

     1

    0.0479

     1

    0.0481

     1

    0.0483

     1

    0.0485

     1

    0.0487

     1

    0.0490

     1

    0.0492

     1

    0.0494

     1

    0.0496

     1

    0.0498

     1

    0.0500

     1

    0.0503

     1

    0.0505

     1

    0.0507

     1

    0.0509

     1

    0.0511

     1

    0.0513

     1

    0.0516

     1

    0.0518

     1

    0.0520

     1

    0.0522

     1

    0.0524

     1

    0.0526

     1

    0.0529

     1

    0.0531

     1

    0.0533

     1

    0.0535

     1

    0.0537

     1

    0.0539

     1

    0.0542

     1

    0.0544

     1

    0.0546

     1

    0.0548

     1

    0.0550

     1

    0.0552

     1

    0.0555

     1

    0.0557

     1

    0.0559

     1

    0.0561

     1

    0.0563

     1

    0.0565

     1

    0.0568

     1

    0.0570

     1

    0.0572

     1

    0.0574

     1

    0.0576

     1

    0.0578

     1

    0.0581

     1

    0.0583

     1

    0.0585

     1

    0.0587

     1

    0.0589

     1

    0.0591

     1

    0.0594

     1

    0.0596

     1

    0.0598

     1

    0.0600

     1

    0.0602

     1

    0.0604

     1

    0.0607

     1

    0.0609

     1

    0.0611

     1

    0.0613

     1

    0.0615

     1

    0.0617

     1

    0.0620

     1

    0.0622

     1

    0.0624

     1

    0.0626

     1

    0.0628

     1

    0.0630

     1

    0.0633

     1

    0.0635

     1

    0.0637

     1

    0.0639

     1

    0.0641

     1

    0.0643

     1

    0.0646

     1

    0.0648

     1

    0.0650

     1

    0.0652

     1

    0.0654

     1

    0.0656

     1

    0.0659

     1

    0.0661

     1

    0.0663

     1

    0.0665

     1

    0.0667

     1

    0.0670

     1

    0.0672

     1

    0.0674

     1

    0.0676

     1

    0.0678

     1

    0.0680

     1

    0.0683

     1

    0.0685

     1

    0.0687

     1

    0.0689

     1

    0.0691

     1

    0.0693

     1

    0.0696

     1

    0.0698

     1

    0.0700

     1

    0.0702

     1

    0.0704

     1

    0.0706

     1

    0.0709

     1

    0.0711

     1

    0.0713

     1

    0.0715

     1

    0.0717

     1

    0.0719

     1

    0.0722

     1

    0.0724

     1

    0.0726

     1

    0.0728

     1

    0.0730

     1

    0.0732

     1

    0.0735

     1

    0.0737

     1

    0.0739

     1

    0.0741

     1

    0.0743

     1

    0.0745

     1

    0.0748

     1

    0.0750

     1

    0.0752

     1

    0.0754

     1

    0.0756

     1

    0.0758

     1

    0.0761

     1

    0.0763

     1

    0.0765

     1

    0.0767

     1

    0.0769

     1

    0.0771

     1

    0.0774

     1

    0.0776

     1

    0.0778

     1

    0.0780

     1

    0.0782

     1

    0.0784

     1

    0.0787

     1

    0.0789

     1

    0.0791

     1

    0.0793

     1

    0.0795

     1

    0.0797

     1

    0.0800

     1

    0.0802

     1

    0.0804

     1

    0.0806

     1

    0.0808

     1

    0.0810

     1

    0.0813

     1

    0.0815

     1

    0.0817

     1

    0.0819

     1

    0.0821

     1

    0.0823

     1

    0.0826

     1

    0.0828

     1

    0.0830

     1

    0.0832

     1

    0.0834

     1

    0.0836

     1

    0.0839

     1

    0.0841

     1

    0.0843

     1

    0.0845

     1

    0.0847

     1

    0.0850

     1

    0.0852

     1

    0.0854

     1

    0.0856

     1

    0.0858

     1

    0.0860

     1

    0.0863

     1

    0.0865

     1

    0.0867

     1

    0.0869

     1

    0.0871

     1

    0.0873

     1

    0.0876

     1

    0.0878

     1

    0.0880

     1

    0.0882

     1

    0.0884

     1

    0.0886

     1

    0.0889

     1

    0.0891

     1

    0.0893

     1

    0.0895

     1

    0.0897

     1

    0.0899

     1

    0.0902

     1

    0.0904

     1

    0.0906

     1

    0.0908

     1

    0.0910

     1

    0.0912

     1

    0.0915

     1

    0.0917

     1

    0.0919

     1

    0.0921

     1

    0.0923

     1

    0.0925

     1

    0.0928

     1

    0.0930

     1

    0.0932

     1

    0.0934

     1

    0.0936

     1

    0.0938

     1

    0.0941

     1

    0.0943

     1

    0.0945

     1

    0.0947

     1

    0.0949

     1

    0.0951

     1

    0.0954

     1

    0.0956

     1

    0.0958

     1

    0.0960

     1

    0.0962

     1

    0.0964

     1

    0.0967

     1

    0.0969

     1

    0.0971

     1

    0.0973

     1

    0.0975

     1

    0.0977

     1

    0.0980

     1

    0.0982

     1

    0.0984

     1

    0.0986

     1

    0.0988

     1

    0.0990

     1

    0.0993

     1

    0.0995

     1

    0.0997

     1

    0.0999

     1

    0.1001

     1

    0.1003

     1

    0.1006

     1

    0.1008

     1

    0.1010

     1

    0.1012

     1

    0.1014

     1

    0.1016

     1

    0.1019

     1

    0.1021

     1

    0.1023

     1

    0.1025

     1

    0.1027

     1

    0.1030

     1

    0.1032

     1

    0.1034

     1

    0.1036

     1

    0.1038

     1

    0.1040

     1

    0.1043

     1

    0.1045

     1

    0.1047

     1

    0.1049

     1

    0.1051

     1

    0.1053

     1

    0.1056

     1

    0.1058

     1

    0.1060

     1

    0.1062

     1

    0.1064

     1

    0.1066

     1

    0.1069

     1

    0.1071

     1

    0.1073

     1

    0.1075

     1

    0.1077

     1

    0.1079

     1

    0.1082

     1

    0.1084

     1

    0.1086

     1

    0.1088

     1

    0.1090

     1

    0.1092

     1

    0.1095

     1

    0.1097

     1

    0.1099

     1

    0.1101

     1

    0.1103

     1

    0.1105

     1

    0.1108

     1

    0.1110

     1

    0.1112

     1

    0.1114

     1

    0.1116

     1

    0.1118

     1

    0.1121

     1

    0.1123

     1

    0.1125

     1

    0.1127

     1

    0.1129

     1

    0.1131

     1

    0.1134

     1

    0.1136

     1

    0.1138

     1

    0.1140

     1

    0.1142

     1

    0.1144

     1

    0.1147

     1

    0.1149

     1

    0.1151

     1

    0.1153

     1

    0.1155

     1

    0.1157

     1

    0.1160

     1

    0.1162

     1

    0.1164

     1

    0.1166

     1

    0.1168

     1

    0.1170

     1

    0.1173

     1

    0.1175

     1

    0.1177

     1

    0.1179

     1

    0.1181

     1

    0.1183

     1

    0.1186

     1

    0.1188

     1

    0.1190

     1

    0.1192

     1

    0.1194

     1

    0.1196

     1

    0.1199

     1

    0.1201

     1

    0.1203

     1

    0.1205

     1

    0.1207

     1

    0.1210

     1

    0.1212

     1

    0.1214

     1

    0.1216

     1

    0.1218

     1

    0.1220

     1

    0.1223

     1

    0.1225

     1

    0.1227

     1

    0.1229

     1

    0.1231

     1

    0.1233

     1

    0.1236

     1

    0.1238

     1

    0.1240

     1

    0.1242

     1

    0.1244

     1

    0.1246

     1

    0.1249

     1

    0.1251

     1

    0.1253

     1

    0.1255

     1

    0.1257

     1

    0.1259

     1

    0.1262

     1

    0.1264

     1

    0.1266

     1

    0.1268

     1

    0.1270

     1

    0.1272

     1

    0.1275

     1

    0.1277

     1

    0.1279

     1

    0.1281

     1

    0.1283

     1

    0.1285

     1

    0.1288

     1

    0.1290

     1

    0.1292

     1

    0.1294

     1

    0.1296

     1

    0.1298

     1

    0.1301

     1

    0.1303

     1

    0.1305

     1

    0.1307

     1

    0.1309

     1

    0.1311

     1

    0.1314

     1

    0.1316

     1

    0.1318

     1

    0.1320

     1

    0.1322

     1

    0.1324

     1

    0.1327

     1

    0.1329

     1

    0.1331

     1

    0.1333

     1

    0.1335

     1

    0.1337

     1

    0.1340

     1

    0.1342

     1

    0.1344

     1

    0.1346

     1

    0.1348

     1

    0.1350

     1

    0.1353

     1

    0.1355

     1

    0.1357

     1

    0.1359

     1

    0.1361

     1

    0.1363

     1

    0.1366

     1

    0.1368

     1

    0.1370

     1

    0.1372

     1

    0.1374

     1

    0.1376

     1

    0.1379

     1

    0.1381

     1

    0.1383

     1

    0.1385

     1

    0.1387

     1

    0.1390

     1

    0.1392

     1

    0.1394

     1

    0.1396

     1

    0.1398

     1

    0.1400

     1

    0.1403

     1

    0.1405

     1

    0.1407

     1

    0.1409

     1

    0.1411

     1

    0.1413

     1

    0.1416

     1

    0.1418

     1

    0.1420

     1

    0.1422

     1

    0.1424

     1

    0.1426

     1

    0.1429

     1

    0.1431

     1

    0.1433

     1

    0.1435

     1

    0.1437

     1

    0.1439

     1

    0.1442

     1

    0.1444

     1

    0.1446

     1

    0.1448

     1

    0.1450

     1

    0.1452

     1

    0.1455

     1

    0.1457

     1

    0.1459

     1

    0.1461

     1

    0.1463

     1

    0.1465

     1

    0.1468

     1

    0.1470

     1

    0.1472

     1

    0.1474

     1

    0.1476

     1

    0.1478

     1

    0.1481

     1

    0.1483

     1

    0.1485

     1

    0.1487

     1

    0.1489

     1

    0.1491

     1

    0.1494

     1

    0.1496

     1

    0.1498

     1

    0.1500

     1

    0.1502

     1

    0.1504

     1

    0.1507

     1

    0.1509

     1

    0.1511

     1

    0.1513

     1

    0.1515

     1

    0.1517

     1

    0.1520

     1

    0.1522

     1

    0.1524

     1

    0.1526

     1

    0.1528

     1

    0.1530

     1

    0.1533

     1

    0.1535

     1

    0.1537

     1

    0.1539

     1

    0.1541

     1

    0.1543

     1

    0.1546

     1

    0.1548

     1

    0.1550

     1

    0.1552

     1

    0.1554

     1

    0.1556

     1

    0.1559

     1

    0.1561

     1

    0.1563

     1

    0.1565

     1

    0.1567

     1

    0.1570

     1

    0.1572

     1

    0.1574

     1

    0.1576

     5

    0.1579

     5

    0.1582

     1

    0.1585

     1

    0.1588

     1

    0.1591

     1

    0.1594

     1

    0.1597

     1

    0.1600

     1

    0.1603

     1

    0.1606

     1

    0.1609

     1

    0.1613

     1

    0.1616

     1

    0.1619

     1

    0.1622

     1

    0.1625

     1

    0.1628

     1

    0.1631

     1

    0.1634

     1

    0.1637

     1

    0.1640

     1

    0.1643

     1

    0.1646

     1

    0.1649

     1

    0.1652

     1

    0.1655

     1

    0.1658

     1

    0.1661

     1

    0.1664

     1

    0.1667

     1

    0.1670

     1

    0.1673

     1

    0.1676

     1

    0.1679

     1

    0.1683

     1

    0.1686

     1

    0.1689

     1

    0.1692

     1

    0.1695

     1

    0.1698

     1

    0.1701

     1

    0.1704

     1

    0.1707

     1

    0.1710

     1

    0.1713

     1

    0.1716

     1

    0.1719

     1

    0.1722

     1

    0.1725

     1

    0.1728

     1

    0.1731

     1

    0.1734

     1

    0.1737

     1

    0.1740

     1

    0.1743

     1

    0.1746

     1

    0.1750

     1

    0.1753

     1

    0.1756

     1

    0.1759

     1

    0.1762

     1

    0.1765

     1

    0.1768

     1

    0.1771

     1

    0.1774

     1

    0.1777

     1

    0.1780

     5

    0.1783

     1

    0.1786

     1

    0.1789

     1

    0.1792

     1

    0.1795

     1

    0.1798

     1

    0.1801

     1

    0.1804

     1

    0.1807

     1

    0.1810

     1

    0.1813

     1

    0.1815

     1

    0.1818

     1

    0.1821

     1

    0.1824

     1

    0.1827

     1

    0.1830

     1

    0.1833

     1

    0.1836

     1

    0.1839

     1

    0.1842

     1

    0.1845

     1

    0.1848

     1

    0.1851

{エラー: <a href="matlab:matlab.internal.language.introspective.errorDocCallback('pause')" style="font-weight:bold">pause</a>
処理を終了しました

エラー: <a href="matlab:matlab.internal.language.introspective.errorDocCallback('HRdisp', 'C:\Users\issei\Desktop\2018_Hoppingrover\HRdisp.m', 65)" style="font-weight:bold">HRdisp</a> (<a href="matlab: opentoline('C:\Users\issei\Desktop\2018_Hoppingrover\HRdisp.m',65,0)">line 65</a>)
pause(0.01);

エラー: <a href="matlab:matlab.internal.language.introspective.errorDocCallback('HRmain', 'C:\Users\issei\Desktop\2018_Hoppingrover\HRmain.m', 59)" style="font-weight:bold">HRmain</a> (<a href="matlab: opentoline('C:\Users\issei\Desktop\2018_Hoppingrover\HRmain.m',59,0)">line 59</a>)
	  			HRdisp(ts,xs,posT);
} 
HRmain
