     6

     0

     3

   2.2134e-06

     3

   9.1208e-06

     3

   2.0793e-05

     3

   3.7230e-05

     3

   5.8429e-05

     3

   8.4389e-05

     3

   1.1511e-04

     3

   1.5058e-04

     3

   1.9080e-04

     3

   2.3577e-04

     3

   2.8548e-04

     3

   3.3993e-04

     3

   3.9910e-04

     3

   4.6301e-04

     3

   5.3162e-04

     3

   6.0495e-04

     3

   6.8298e-04

     3

   7.6570e-04

     3

   8.5309e-04

     3

   9.4516e-04

     3

    0.0010

     3

    0.0011

     3

    0.0012

     3

    0.0014

     3

    0.0015

     3

    0.0016

     3

    0.0017

     3

    0.0018

     3

    0.0020

     3

    0.0021

     3

    0.0023

     3

    0.0024

     3

    0.0026

     3

    0.0027

     3

    0.0029

     3

    0.0030

     3

    0.0032

     3

    0.0034

     3

    0.0036

     3

    0.0037

     3

    0.0039

     3

    0.0041

     3

    0.0043

     3

    0.0045

     3

    0.0047

     3

    0.0049

     3

    0.0051

     3

    0.0053

     3

    0.0056

     3

    0.0058

     3

    0.0060

     3

    0.0062

     3

    0.0064

     3

    0.0067

     3

    0.0069

     3

    0.0071

     3

    0.0074

     3

    0.0076

     3

    0.0079

     3

    0.0081

     3

    0.0084

     3

    0.0086

     1

    0.0089

     1

    0.0091

     1

    0.0093

     1

    0.0096

     1

    0.0098

     1

    0.0101

     1

    0.0103

     1

    0.0106

     1

    0.0108

     1

    0.0111

     1

    0.0113

     1

    0.0116

     1

    0.0118

     1

    0.0121

     1

    0.0123

     1

    0.0126

     1

    0.0128

     1

    0.0130

     1

    0.0133

     1

    0.0135

     1

    0.0138

     1

    0.0140

     1

    0.0143

     1

    0.0145

     1

    0.0148

     1

    0.0150

     1

    0.0153

     1

    0.0155

     1

    0.0158

     1

    0.0160

     1

    0.0162

     1

    0.0165

     1

    0.0167

     1

    0.0170

     1

    0.0172

     1

    0.0175

     1

    0.0177

     1

    0.0180

     1

    0.0182

     1

    0.0185

     1

    0.0187

     1

    0.0190

     1

    0.0192

     1

    0.0195

     1

    0.0197

     1

    0.0199

     1

    0.0202

     1

    0.0204

     1

    0.0207

     1

    0.0209

     1

    0.0212

     1

    0.0214

     1

    0.0217

     1

    0.0219

     1

    0.0222

     1

    0.0224

     1

    0.0227

     1

    0.0229

     1

    0.0231

     1

    0.0234

     1

    0.0236

     1

    0.0239

     1

    0.0241

     1

    0.0244

     1

    0.0246

     1

    0.0249

     1

    0.0251

     1

    0.0254

     1

    0.0256

     1

    0.0259

     1

    0.0261

     1

    0.0263

     1

    0.0266

     1

    0.0268

     1

    0.0271

     1

    0.0273

     1

    0.0276

     1

    0.0278

     1

    0.0281

     1

    0.0283

     1

    0.0286

     1

    0.0288

     1

    0.0291

     1

    0.0293

     1

    0.0296

     1

    0.0298

     1

    0.0300

     1

    0.0303

     1

    0.0305

     1

    0.0308

     1

    0.0310

     1

    0.0313

     1

    0.0315

     1

    0.0318

     1

    0.0320

     1

    0.0323

     1

    0.0325

     1

    0.0328

     1

    0.0330

     1

    0.0332

     1

    0.0335

     1

    0.0337

     1

    0.0340

     1

    0.0342

     1

    0.0345

     1

    0.0347

     1

    0.0350

     1

    0.0352

     1

    0.0355

     1

    0.0357

     1

    0.0360

     1

    0.0362

     1

    0.0365

     1

    0.0367

     1

    0.0369

     1

    0.0372

     1

    0.0374

     1

    0.0377

     1

    0.0379

     1

    0.0382

     1

    0.0384

     1

    0.0387

     1

    0.0389

     1

    0.0392

     1

    0.0394

     1

    0.0397

     1

    0.0399

     1

    0.0401

     1

    0.0404

     1

    0.0406

     1

    0.0409

     1

    0.0411

     1

    0.0414

     1

    0.0416

     1

    0.0419

     1

    0.0421

     1

    0.0424

     1

    0.0426

     1

    0.0429

     1

    0.0431

     1

    0.0434

     1

    0.0436

     1

    0.0438

     1

    0.0441

     1

    0.0443

     1

    0.0446

     1

    0.0448

     1

    0.0451

     1

    0.0453

     1

    0.0456

     1

    0.0458

     1

    0.0461

     1

    0.0463

     1

    0.0466

     1

    0.0468

     1

    0.0470

     1

    0.0473

     1

    0.0475

     1

    0.0478

     1

    0.0480

     1

    0.0483

     1

    0.0485

     1

    0.0488

     1

    0.0490

     1

    0.0493

     1

    0.0495

     1

    0.0498

     1

    0.0500

     1

    0.0503

     1

    0.0505

     1

    0.0507

     1

    0.0510

     1

    0.0512

     1

    0.0515

     1

    0.0517

     1

    0.0520

     1

    0.0522

     1

    0.0525

     1

    0.0527

     1

    0.0530

     1

    0.0532

     1

    0.0535

     1

    0.0537

     1

    0.0539

     1

    0.0542

     1

    0.0544

     1

    0.0547

     1

    0.0549

     1

    0.0552

     1

    0.0554

     1

    0.0557

     1

    0.0559

     1

    0.0562

     1

    0.0564

     1

    0.0567

     1

    0.0569

     1

    0.0572

     1

    0.0574

     1

    0.0576

     1

    0.0579

     1

    0.0581

     1

    0.0584

     1

    0.0586

     1

    0.0589

     1

    0.0591

     1

    0.0594

     1

    0.0596

     1

    0.0599

     1

    0.0601

     1

    0.0604

     1

    0.0606

     1

    0.0608

     1

    0.0611

     1

    0.0613

     1

    0.0616

     1

    0.0618

     1

    0.0621

     1

    0.0623

     1

    0.0626

     1

    0.0628

     1

    0.0631

     1

    0.0633

     1

    0.0636

     1

    0.0638

     1

    0.0640

     1

    0.0643

     1

    0.0645

     1

    0.0648

     1

    0.0650

     1

    0.0653

     1

    0.0655

     1

    0.0658

     1

    0.0660

     1

    0.0663

     1

    0.0665

     1

    0.0668

     1

    0.0670

     1

    0.0673

     1

    0.0675

     1

    0.0677

     1

    0.0680

     1

    0.0682

     1

    0.0685

     1

    0.0687

     1

    0.0690

     1

    0.0692

     1

    0.0695

     1

    0.0697

     1

    0.0700

     1

    0.0702

     1

    0.0705

     1

    0.0707

     1

    0.0709

     1

    0.0712

     1

    0.0714

     1

    0.0717

     1

    0.0719

     1

    0.0722

     1

    0.0724

     1

    0.0727

     1

    0.0729

     1

    0.0732

     1

    0.0734

     1

    0.0737

     1

    0.0739

     1

    0.0742

     1

    0.0744

     1

    0.0746

     1

    0.0749

     1

    0.0751

     1

    0.0754

     1

    0.0756

     1

    0.0759

     1

    0.0761

     1

    0.0764

     1

    0.0766

     1

    0.0769

     1

    0.0771

     1

    0.0774

     1

    0.0776

     1

    0.0778

     1

    0.0781

     1

    0.0783

     1

    0.0786

     1

    0.0788

     1

    0.0791

     1

    0.0793

     1

    0.0796

     1

    0.0798

     1

    0.0801

     1

    0.0803

     1

    0.0806

     1

    0.0808

     1

    0.0811

     1

    0.0813

     1

    0.0815

     1

    0.0818

     1

    0.0820

     1

    0.0823

     1

    0.0825

     1

    0.0828

     1

    0.0830

     1

    0.0833

     1

    0.0835

     1

    0.0838

     1

    0.0840

     1

    0.0843

     1

    0.0845

     1

    0.0847

     1

    0.0850

     1

    0.0852

     1

    0.0855

     1

    0.0857

     1

    0.0860

     1

    0.0862

     1

    0.0865

     1

    0.0867

     1

    0.0870

     1

    0.0872

     1

    0.0875

     1

    0.0877

     1

    0.0880

     1

    0.0882

     1

    0.0884

     1

    0.0887

     1

    0.0889

     1

    0.0892

     1

    0.0894

     1

    0.0897

     1

    0.0899

     1

    0.0902

     1

    0.0904

     1

    0.0907

     1

    0.0909

     1

    0.0912

     1

    0.0914

     1

    0.0916

     1

    0.0919

     1

    0.0921

     1

    0.0924

     1

    0.0926

     1

    0.0929

     1

    0.0931

     1

    0.0934

     1

    0.0936

     1

    0.0939

     1

    0.0941

     1

    0.0944

     1

    0.0946

     1

    0.0949

     1

    0.0951

     1

    0.0953

     1

    0.0956

     1

    0.0958

     1

    0.0961

     1

    0.0963

     1

    0.0966

     1

    0.0968

     1

    0.0971

     1

    0.0973

     1

    0.0976

     1

    0.0978

     1

    0.0981

     1

    0.0983

     1

    0.0985

     1

    0.0988

     1

    0.0990

     1

    0.0993

     1

    0.0995

     1

    0.0998

     1

    0.1000

     1

    0.1003

     1

    0.1005

     1

    0.1008

     1

    0.1010

     1

    0.1013

     1

    0.1015

     1

    0.1017

     1

    0.1020

     1

    0.1022

     1

    0.1025

     1

    0.1027

     1

    0.1030

     1

    0.1032

     1

    0.1035

     1

    0.1037

     1

    0.1040

     1

    0.1042

     1

    0.1045

     1

    0.1047

     1

    0.1050

     1

    0.1052

     1

    0.1054

     1

    0.1057

     1

    0.1059

     1

    0.1062

     1

    0.1064

     1

    0.1067

     1

    0.1069

     1

    0.1072

     1

    0.1074

     1

    0.1077

     1

    0.1079

     1

    0.1082

     1

    0.1084

     1

    0.1086

     1

    0.1089

     1

    0.1091

     1

    0.1094

     1

    0.1096

     1

    0.1099

     1

    0.1101

     1

    0.1104

     1

    0.1106

     1

    0.1109

     1

    0.1111

     1

    0.1114

     1

    0.1116

     1

    0.1119

     1

    0.1121

     1

    0.1123

     1

    0.1126

     1

    0.1128

     1

    0.1131

     1

    0.1133

     1

    0.1136

     1

    0.1138

     1

    0.1141

     1

    0.1143

     1

    0.1146

     1

    0.1148

     1

    0.1151

     1

    0.1153

     1

    0.1155

     1

    0.1158

     1

    0.1160

     1

    0.1163

     1

    0.1165

     1

    0.1168

     1

    0.1170

     1

    0.1173

     1

    0.1175

     1

    0.1178

     1

    0.1180

     1

    0.1183

     1

    0.1185

     1

    0.1188

     1

    0.1190

     1

    0.1192

     1

    0.1195

     1

    0.1197

     1

    0.1200

     1

    0.1202

     1

    0.1205

     1

    0.1207

     1

    0.1210

     1

    0.1212

     1

    0.1215

     1

    0.1217

     1

    0.1220

     1

    0.1222

     1

    0.1224

     1

    0.1227

     1

    0.1229

     1

    0.1232

     1

    0.1234

     1

    0.1237

     1

    0.1239

     1

    0.1242

     1

    0.1244

     1

    0.1247

     1

    0.1249

     1

    0.1252

     1

    0.1254

     1

    0.1257

     1

    0.1259

     1

    0.1261

     1

    0.1264

     1

    0.1266

     1

    0.1269

     1

    0.1271

     1

    0.1274

     1

    0.1276

     1

    0.1279

     1

    0.1281

     1

    0.1284

     1

    0.1286

     1

    0.1289

     1

    0.1291

     1

    0.1293

     1

    0.1296

     1

    0.1298

     1

    0.1301

     1

    0.1303

     1

    0.1306

     1

    0.1308

     1

    0.1311

     1

    0.1313

     1

    0.1316

     1

    0.1318

     1

    0.1321

     1

    0.1323

     1

    0.1325

     1

    0.1328

     1

    0.1330

     1

    0.1333

     1

    0.1335

     1

    0.1338

     1

    0.1340

     1

    0.1343

     1

    0.1345

     1

    0.1348

     1

    0.1350

     1

    0.1353

     1

    0.1355

     1

    0.1358

     1

    0.1360

     1

    0.1362

     1

    0.1365

     1

    0.1367

     1

    0.1370

     1

    0.1372

     1

    0.1375

     1

    0.1377

     1

    0.1380

     1

    0.1382

     1

    0.1385

     1

    0.1387

     1

    0.1390

     1

    0.1392

     1

    0.1394

     1

    0.1397

     1

    0.1399

     1

    0.1402

     1

    0.1404

     1

    0.1407

     1

    0.1409

     1

    0.1412

     1

    0.1414

     1

    0.1417

     1

    0.1419

     1

    0.1422

     1

    0.1424

     1

    0.1427

     1

    0.1429

     1

    0.1431

     1

    0.1434

     1

    0.1436

     1

    0.1439

     1

    0.1441

     1

    0.1444

     1

    0.1446

     1

    0.1449

     1

    0.1451

     1

    0.1454

     1

    0.1456

     1

    0.1459

     1

    0.1461

     1

    0.1463

     1

    0.1466

     1

    0.1468

     1

    0.1471

     1

    0.1473

     1

    0.1476

     1

    0.1478

     1

    0.1481

     1

    0.1483

     1

    0.1486

     1

    0.1488

     1

    0.1491

     1

    0.1493

     1

    0.1496

     1

    0.1498

     1

    0.1500

     1

    0.1503

     1

    0.1505

     1

    0.1508

     1

    0.1510

     1

    0.1513

     1

    0.1515

     1

    0.1518

     1

    0.1520

     1

    0.1523

     1

    0.1525

     1

    0.1528

     1

    0.1530

     1

    0.1532

     1

    0.1535

     1

    0.1537

     1

    0.1540

     1

    0.1542

     1

    0.1545

     1

    0.1547

     1

    0.1550

     1

    0.1552

     1

    0.1555

     1

    0.1557

     1

    0.1560

     1

    0.1562

     1

    0.1565

     1

    0.1567

     1

    0.1569

     1

    0.1572

     1

    0.1574

     1

    0.1577

     1

    0.1579

     1

    0.1582

     1

    0.1584

     1

    0.1587

     1

    0.1589

     1

    0.1592

     1

    0.1594

     1

    0.1597

     1

    0.1599

     1

    0.1601

     1

    0.1604

     1

    0.1606

     1

    0.1609

     1

    0.1611

     1

    0.1614

     1

    0.1616

     1

    0.1619

     1

    0.1621

     1

    0.1624

     1

    0.1626

     1

    0.1629

     1

    0.1631

     1

    0.1634

     1

    0.1636

     1

    0.1638

     1

    0.1641

     1

    0.1643

     1

    0.1646

     1

    0.1648

     1

    0.1651

     1

    0.1653

     1

    0.1656

     1

    0.1658

     1

    0.1661

     1

    0.1663

     1

    0.1666

     1

    0.1668

     1

    0.1670

     1

    0.1673

     1

    0.1675

     1

    0.1678

     1

    0.1680

     1

    0.1683

     1

    0.1685

     1

    0.1688

     1

    0.1690

     1

    0.1693

     1

    0.1695

     1

    0.1698

     1

    0.1700

     1

    0.1702

     1

    0.1705

     1

    0.1707

     1

    0.1710

     1

    0.1712

     1

    0.1715

     1

    0.1717

     1

    0.1720

     1

    0.1722

     1

    0.1725

     1

    0.1727

     1

    0.1730

     1

    0.1732

     1

    0.1735

     1

    0.1737

     1

    0.1739

     1

    0.1742

     1

    0.1744

     1

    0.1747

     1

    0.1749

     1

    0.1752

     1

    0.1754

     1

    0.1757

     1

    0.1759

     1

    0.1762

     1

    0.1764

     1

    0.1767

     1

    0.1769

     1

    0.1771

     1

    0.1774

     1

    0.1776

     1

    0.1779

     1

    0.1781

     1

    0.1784

     1

    0.1786

     1

    0.1789

     1

    0.1791

     1

    0.1794

     1

    0.1796

     1

    0.1799

     1

    0.1801

     1

    0.1804

     1

    0.1806

     1

    0.1808

     1

    0.1811

     1

    0.1813

     1

    0.1816

     1

    0.1818

     1

    0.1821

     1

    0.1823

     1

    0.1826

     1

    0.1828

     1

    0.1831

     1

    0.1833

     1

    0.1836

     1

    0.1838

     1

    0.1840

     1

    0.1843

     1

    0.1845

     1

    0.1848

     1

    0.1850

     1

    0.1853

     1

    0.1855

     1

    0.1858

     1

    0.1860

     1

    0.1863

     1

    0.1865

     1

    0.1868

     1

    0.1870

     1

    0.1873

     1

    0.1875

     1

    0.1877

     1

    0.1880

     1

    0.1882

     1

    0.1885

     1

    0.1887

     1

    0.1890

     1

    0.1892

     1

    0.1895

     1

    0.1897

     1

    0.1900

     1

    0.1902

     1

    0.1905

     1

    0.1907

     1

    0.1909

     1

    0.1912

     1

    0.1914

     1

    0.1917

     1

    0.1919

     1

    0.1922

     1

    0.1924

     1

    0.1927

     1

    0.1929

     1

    0.1932

     1

    0.1934

     1

    0.1937

     1

    0.1939

     1

    0.1942

     1

    0.1944

     1

    0.1946

     1

    0.1949

     1

    0.1951

     1

    0.1954

     1

    0.1956

     1

    0.1959

     1

    0.1961

     1

    0.1964

     1

    0.1966

     1

    0.1969

     1

    0.1971

     1

    0.1974

     1

    0.1976

     1

    0.1978

     1

    0.1981

     1

    0.1983

     1

    0.1986

     1

    0.1988

     1

    0.1991

     1

    0.1993

     1

    0.1996

     1

    0.1998

     1

    0.2001

     1

    0.2003

     1

    0.2006

     1

    0.2008

     1

    0.2010

     1

    0.2013

     1

    0.2015

     1

    0.2018

     1

    0.2020

     1

    0.2023

     1

    0.2025

     1

    0.2028

     1

    0.2030

     1

    0.2033

     1

    0.2035

     1

    0.2038

     1

    0.2040

     1

    0.2043

     1

    0.2045

     1

    0.2047

     1

    0.2050

     1

    0.2052

     1

    0.2055

     1

    0.2057

     1

    0.2060

     1

    0.2062

     1

    0.2065

     1

    0.2067

     1

    0.2070

     1

    0.2072

     1

    0.2075

     1

    0.2077

     1

    0.2079

     1

    0.2082

     1

    0.2084

     1

    0.2087

     1

    0.2089

     1

    0.2092

     1

    0.2094

     1

    0.2097

     1

    0.2099

     1

    0.2102

     1

    0.2104

     1

    0.2107

     1

    0.2109

     1

    0.2112

     1

    0.2114

     1

    0.2116

     1

    0.2119

     1

    0.2121

     1

    0.2124

     1

    0.2126

     1

    0.2129

     1

    0.2131

     1

    0.2134

     1

    0.2136

     1

    0.2139

     1

    0.2141

     1

    0.2144

     1

    0.2146

     1

    0.2148

     1

    0.2151

     1

    0.2153

     1

    0.2156

     1

    0.2158

     1

    0.2161

     1

    0.2163

     1

    0.2166

     1

    0.2168

     1

    0.2171

     1

    0.2173

     1

    0.2176

     1

    0.2178

     1

    0.2181

     1

    0.2183

     1

    0.2185

     1

    0.2188

     1

    0.2190

     1

    0.2193

     1

    0.2195

     1

    0.2198

     1

    0.2200

     1

    0.2203

     1

    0.2205

     1

    0.2208

     1

    0.2210

     1

    0.2213

     1

    0.2215

     1

    0.2217

     1

    0.2220

     1

    0.2222

     1

    0.2225

     1

    0.2227

     1

    0.2230

     1

    0.2232

     1

    0.2235

     1

    0.2237

     1

    0.2240

     1

    0.2242

     1

    0.2245

     1

    0.2247

     1

    0.2250

     1

    0.2252

     1

    0.2254

     1

    0.2257

     1

    0.2259

     1

    0.2262

     1

    0.2264

     1

    0.2267

     1

    0.2269

     1

    0.2272

     1

    0.2274

     1

    0.2277

     1

    0.2279

     5

    0.2282

     1

    0.2286

     1

    0.2290

     1

    0.2293

     1

    0.2297

     1

    0.2301

     1

    0.2304

     1

    0.2308

     1

    0.2311

     1

    0.2315

     1

    0.2319

     1

    0.2322

     1

    0.2326

     1

    0.2330

     1

    0.2333

     1

    0.2337

     1

    0.2340

     1

    0.2344

     1

    0.2348

     1

    0.2351

     1

    0.2355

     1

    0.2359

     1

    0.2362

     1

    0.2366

     1

    0.2369

     1

    0.2373

     1

    0.2377

     1

    0.2380

     1

    0.2384

     1

    0.2388

     1

    0.2391

     1

    0.2395

     1

    0.2398

     1

    0.2402

     1

    0.2406

     1

    0.2409

     1

    0.2413

     1

    0.2417

     1

    0.2420

     1

    0.2424

     1

    0.2427

     1

    0.2430

     1

    0.2434

     1

    0.2437

     1

    0.2441

     1

    0.2444

     1

    0.2448

     1

    0.2451

     1

    0.2455

     1

    0.2458

     1

    0.2462

     1

    0.2465

     1

    0.2468

     1

    0.2472

     1

    0.2475

     1

    0.2479

     1

    0.2482

     1

    0.2486

     1

    0.2489

     1

    0.2493

     1

    0.2496

     1

    0.2500

     1

    0.2503

     1

    0.2507

     1

    0.2510

     1

    0.2513

     1

    0.2517

     1

    0.2520

     1

    0.2524

     1

    0.2527

     1

    0.2531

     1

    0.2534

     1

    0.2538

     1

    0.2541

     1

    0.2545

     1

    0.2548

     1

    0.2551

     1

    0.2555

     1

    0.2558

     1

    0.2562

     1

    0.2565

     1

    0.2569

     1

    0.2572

     1

    0.2576

     1

    0.2579

     1

    0.2583

     1

    0.2586

     1

    0.2590

     1

    0.2593

     1

    0.2596

     1

    0.2600

     1

    0.2603

     1

    0.2607

     1

    0.2610

     1

    0.2613

     1

    0.2617

     1

    0.2620

     1

    0.2624

     1

    0.2627

     1

    0.2630

     1

    0.2634

     1

    0.2637

     1

    0.2641

     1

    0.2644

     1

    0.2648

     1

    0.2651

     1

    0.2654

     1

    0.2658

     1

    0.2661

     1

    0.2665

     1

    0.2668

     1

    0.2671

     1

    0.2675

     1

    0.2678

     1

    0.2682

     1

    0.2685

     1

    0.2688

     1

    0.2692

     1

    0.2695

     1

    0.2699

     1

    0.2702

     1

    0.2705

     1

    0.2709

     1

    0.2712

     1

    0.2716

     1

    0.2719

     1

    0.2722

     1

    0.2726

     1

    0.2729

     1

    0.2733

     1

    0.2736

     1

    0.2740

     1

    0.2743

     1

    0.2746

     1

    0.2750

     1

    0.2753

     1

    0.2757

     1

    0.2760

     1

    0.2763

     1

    0.2767

     1

    0.2770

     1

    0.2774

     1

    0.2777

     1

    0.2780

     1

    0.2784

     5

    0.2787

     5

    0.2790

     1

    0.2793

     1

    0.2796

     1

    0.2799

     1

    0.2802

     1

    0.2805

     1

    0.2808

     1

    0.2811

     1

    0.2814

     1

    0.2817

     1

    0.2820

     1

    0.2823

     1

    0.2826

     1

    0.2829

     1

    0.2832

     1

    0.2835

     1

    0.2838

     1

    0.2841

     1

    0.2844

     1

    0.2847

     1

    0.2850

     1

    0.2853

     1

    0.2856

     1

    0.2859

     1

    0.2862

     1

    0.2865

     1

    0.2868

     1

    0.2871

     1

    0.2874

     1

    0.2877

     1

    0.2880

     1

    0.2883

     1

    0.2886

     1

    0.2889

     1

    0.2892

     1

    0.2895

     1

    0.2898

     1

    0.2901

     1

    0.2904

     1

    0.2907

     1

    0.2910

     1

    0.2913

     1

    0.2916

     1

    0.2919

     1

    0.2922

     1

    0.2925

     1

    0.2928

     1

    0.2931

     1

    0.2934

     1

    0.2937

     1

    0.2940

     1

    0.2943

     1

    0.2946

     1

    0.2949

     1

    0.2952

     1

    0.2955

     1

    0.2958

     1

    0.2961

     1

    0.2964

     1

    0.2967

     1

    0.2970

     1

    0.2973

     1

    0.2976

     1

    0.2979

     1

    0.2981

     1

    0.2984

     1

    0.2987

     1

    0.2990

     1

    0.2993

     1

    0.2996

     1

    0.2999

     1

    0.3002

     1

    0.3005

     1

    0.3008

     1

    0.3011

     1

    0.3014

     1

    0.3017

     1

    0.3020

     1

    0.3023

     1

    0.3026

     1

    0.3029

     1

    0.3032

     1

    0.3035

     5

    0.3038

     1

    0.3041

     1

    0.3044

     1

    0.3047

     1

    0.3049

     1

    0.3052

     1

    0.3055

     1

    0.3058

     1

    0.3061

     1

    0.3063

     1

    0.3066

     1

    0.3069

     1

    0.3072

     1

    0.3075

     1

    0.3077

     1

    0.3080

     1

    0.3083

     1

    0.3086

     1

    0.3089

     1

    0.3091

     1

    0.3094

     1

    0.3097

     1

    0.3100

     1

    0.3103

     1

    0.3105

     1

    0.3108

     1

    0.3111

     1

    0.3114

     1

    0.3117

     1

    0.3119

     1

    0.3122

     1

    0.3125

     1

    0.3128

     5

    0.3131

     1

    0.3133

     1

    0.3136

     1

    0.3139

     1

    0.3142

     1

    0.3144

     1

    0.3147

     1

    0.3150

     1

    0.3153

     1

    0.3156

     1

    0.3158

     1

    0.3161

     1

    0.3164

     1

    0.3167

     1

    0.3169

     1

    0.3172

     1

    0.3175

     1

    0.3178

     1

    0.3181

     1

    0.3183

     1

    0.3186

     1

    0.3189

     1

    0.3192

     1

    0.3194

     1

    0.3197

     1

    0.3200

     1

    0.3203

     1

    0.3206

     1

    0.3208

     1

    0.3211

     1

    0.3214

     1

    0.3217

     1

    0.3219

     1

    0.3222

     1

    0.3225

     1

    0.3228

     1

    0.3231

     1

    0.3233

     1

    0.3236

     1

    0.3239

     1

    0.3242

     1

    0.3244

     1

    0.3247

     1

    0.3250

     1

    0.3253

     1

    0.3256

     1

    0.3258

     1

    0.3261

     1

    0.3264

     1

    0.3267

     1

    0.3269

     1

    0.3272

     1

    0.3275

     1

    0.3278

     1

    0.3281

     1

    0.3283

     1

    0.3286

     1

    0.3289

     5

    0.3292

     1

    0.3294

     1

    0.3297

     1

    0.3300

     1

    0.3302

     1

    0.3305

     1

    0.3308

     1

    0.3311

     1

    0.3313

     1

    0.3316

     1

    0.3319

     1

    0.3321

     1

    0.3324

     1

    0.3327

     1

    0.3330

     1

    0.3332

     1

    0.3335

     1

    0.3338

     1

    0.3340

     1

    0.3343

     1

    0.3346

     1

    0.3349

     1

    0.3351

     1

    0.3354

     1

    0.3357

     1

    0.3359

     1

    0.3362

     1

    0.3365

     1

    0.3367

     1

    0.3370

     1

    0.3373

     1

    0.3376

     1

    0.3378

     1

    0.3381

     1

    0.3384

     1

    0.3386

     1

    0.3389

     1

    0.3392

     1

    0.3395

     1

    0.3397

     1

    0.3400

     1

    0.3403

     1

    0.3405

     1

    0.3408

     1

    0.3411

     1

    0.3414

     1

    0.3416

     1

    0.3419

     1

    0.3422

     1

    0.3424

     1

    0.3427

     1

    0.3430

     1

    0.3432

     1

    0.3435

     1

    0.3438

     1

    0.3441

     1

    0.3443

     1

    0.3446

     1

    0.3449

     1

    0.3451

     1

    0.3454

     1

    0.3457

     1

    0.3459

     1

    0.3462

     1

    0.3464

     1

    0.3467

     1

    0.3470

     1

    0.3472

     1

    0.3475

     1

    0.3478

     1

    0.3480

     1

    0.3483

     1

    0.3485

     1

    0.3488

     1

    0.3491

     1

    0.3493

     1

    0.3496

     1

    0.3499

     1

    0.3501

     1

    0.3504

     1

    0.3506

     1

    0.3509

     1

    0.3512

     1

    0.3514

     1

    0.3517

     1

    0.3519

     1

    0.3522

     1

    0.3524

     1

    0.3527

     1

    0.3530

     1

    0.3532

     1

    0.3535

     1

    0.3537

     1

    0.3540

     1

    0.3542

     1

    0.3545

     1

    0.3548

     1

    0.3550

     1

    0.3553

     1

    0.3555

     1

    0.3558

     1

    0.3560

     1

    0.3563

     1

    0.3566

     1

    0.3568

     1

    0.3571

     1

    0.3573

     1

    0.3576

     1

    0.3578

     1

    0.3581

     5

    0.3584

     5

    0.3586

     5

    0.3588

     5

    0.3591

     5

    0.3593

     5

    0.3596

     5

    0.3598

     5

    0.3600

     5

    0.3603

     5

    0.3605

     5

    0.3608

     5

    0.3610

     5

    0.3612

     5

    0.3615

     5

    0.3617

     5

    0.3619

     5

    0.3622

     5

    0.3624

     5

    0.3626

     5

    0.3629

     5

    0.3631

     5

    0.3634

     5

    0.3636

     5

    0.3638

     5

    0.3641

     5

    0.3643

     5

    0.3645

     5

    0.3648

     5

    0.3650

     5

    0.3652

     5

    0.3655

     5

    0.3657

     5

    0.3659

     5

    0.3662

     1

    0.3664

     1

    0.3666

     1

    0.3669

     1

    0.3671

     1

    0.3673

     1

    0.3676

     1

    0.3678

     1

    0.3680

     1

    0.3683

     1

    0.3685

     5

    0.3687

     5

    0.3690

     5

    0.3692

     5

    0.3694

     5

    0.3696

     5

    0.3699

     5

    0.3701

     5

    0.3703

     5

    0.3705

     5

    0.3707

     5

    0.3710

     5

    0.3712

     5

    0.3714

     5

    0.3716

     5

    0.3719

     5

    0.3721

     5

    0.3723

     5

    0.3725

     5

    0.3727

     5

    0.3730

     5

    0.3732

     1

    0.3734

     1

    0.3736

     1

    0.3738

     1

    0.3741

     1

    0.3743

     1

    0.3745

     1

    0.3747

     1

    0.3749

     1

    0.3752

     5

    0.3754

     5

    0.3756

     5

    0.3758

     5

    0.3760

     5

    0.3762

     5

    0.3764

     5

    0.3767

     5

    0.3769

     5

    0.3771

     5

    0.3773

     5

    0.3775

     5

    0.3777

     5

    0.3779

     5

    0.3781

     5

    0.3784

     5

    0.3786

     5

    0.3788

     5

    0.3790

     5

    0.3792

     1

    0.3794

     1

    0.3796

     1

    0.3798

     1

    0.3800

     1

    0.3803

     1

    0.3805

     1

    0.3807

     1

    0.3809

     1

    0.3811

     5

    0.3813

     5

    0.3815

     5

    0.3817

     5

    0.3819

     5

    0.3821

     5

    0.3823

     5

    0.3825

     5

    0.3827

     5

    0.3829

     5

    0.3832

     5

    0.3834

     5

    0.3836

     5

    0.3838

     5

    0.3840

     5

    0.3842

     5

    0.3844

     5

    0.3846

     1

    0.3848

     1

    0.3850

     1

    0.3852

     1

    0.3854

     1

    0.3856

     1

    0.3858

     1

    0.3860

     1

    0.3862

     5

    0.3864

     5

    0.3866

     5

    0.3868

     5

    0.3870

     5

    0.3872

     5

    0.3874

     5

    0.3876

     5

    0.3878

     5

    0.3880

     5

    0.3882

     5

    0.3884

     5

    0.3886

     5

    0.3888

     5

    0.3890

     5

    0.3892

     5

    0.3894

     5

    0.3896

     1

    0.3898

     1

    0.3900

     1

    0.3902

     1

    0.3904

     1

    0.3906

     1

    0.3908

     1

    0.3910

     1

    0.3912

     5

    0.3914

     5

    0.3916

     5

    0.3918

     5

    0.3920

     5

    0.3921

     5

    0.3923

     5

    0.3925

     5

    0.3927

     5

    0.3929

     5

    0.3931

     5

    0.3933

     5

    0.3935

     5

    0.3937

     5

    0.3939

     5

    0.3941

     5

    0.3943

     5

    0.3945

     1

    0.3947

     1

    0.3949

     1

    0.3950

     1

    0.3952

     1

    0.3954

     1

    0.3956

     1

    0.3958

     1

    0.3960

     5

    0.3962

     5

    0.3964

     5

    0.3966

     5

    0.3968

     5

    0.3970

     5

    0.3971

     5

    0.3973

     5

    0.3975

     5

    0.3977

     5

    0.3979

     5

    0.3981

     5

    0.3983

     5

    0.3985

     5

    0.3987

     5

    0.3988

     5

    0.3990

     1

    0.3992

     1

    0.3994

     1

    0.3996

     1

    0.3998

     1

    0.4000

     1

    0.4002

     1

    0.4003

     1

    0.4005

     5

    0.4007

     5

    0.4009

     5

    0.4011

     5

    0.4013

     5

    0.4015

     5

    0.4016

     5

    0.4018

     5

    0.4020

     5

    0.4022

     5

    0.4024

     5

    0.4026

     5

    0.4027

     5

    0.4029

     5

    0.4031

     5

    0.4033

     1

    0.4035

     1

    0.4037

     1

    0.4038

     1

    0.4040

     1

    0.4042

     1

    0.4044

     1

    0.4046

     1

    0.4048

     5

    0.4049

     5

    0.4051

     5

    0.4053

     5

    0.4055

     5

    0.4057

     5

    0.4058

     5

    0.4060

     5

    0.4062

     5

    0.4064

     5

    0.4066

     3

    0.4067

     3

    0.4068

     3

    0.4069

     3

    0.4070

     1

    0.4071

     1

    0.4072

     1

    0.4073

     1

    0.4074

     1

    0.4075

     1

    0.4076

     1

    0.4077

     1

    0.4078

     1

    0.4079

     1

    0.4080

     1

    0.4081

     1

    0.4082

     1

    0.4083

     1

    0.4084

     1

    0.4086

     1

    0.4087

     1

    0.4088

     1

    0.4089

     1

    0.4090

     1

    0.4091

     1

    0.4092

     1

    0.4093

     1

    0.4094

     1

    0.4095

     1

    0.4096

     1

    0.4097

     1

    0.4098

     1

    0.4099

     1

    0.4100

     1

    0.4101

     1

    0.4102

     1

    0.4103

     1

    0.4104

     1

    0.4105

     1

    0.4106

     1

    0.4107

     1

    0.4108

     1

    0.4109

     1

    0.4110

     1

    0.4111

     1

    0.4112

     1

    0.4113

     1

    0.4114

     1

    0.4115

     1

    0.4116

     1

    0.4117

     1

    0.4118

     1

    0.4119

     1

    0.4120

     1

    0.4121

     1

    0.4122

     1

    0.4123

     1

    0.4124

     1

    0.4125

     1

    0.4126

     1

    0.4127

     1

    0.4128

     1

    0.4129

     1

    0.4130

     1

    0.4131

     1

    0.4132

     1

    0.4133

     1

    0.4134

     1

    0.4135

     1

    0.4136

     1

    0.4137

     1

    0.4138

     1

    0.4139

     1

    0.4140

     1

    0.4141

     1

    0.4142

     1

    0.4143

     1

    0.4144

     1

    0.4146

     1

    0.4147

     1

    0.4148

     1

    0.4149

     5

    0.4150

     5

    0.4151

     5

    0.4152

     5

    0.4153

     5

    0.4154

     5

    0.4155

     5

    0.4156

     5

    0.4157

     5

    0.4158

     5

    0.4159

     5

    0.4160

     1

    0.4161

     1

    0.4163

     1

    0.4164

     1

    0.4165

     1

    0.4166

     1

    0.4167

     1

    0.4168

     1

    0.4169

     1

    0.4170

     1

    0.4171

     1

    0.4172

     1

    0.4173

     1

    0.4174

     5

    0.4175

     5

    0.4176

     5

    0.4177

     5

    0.4179

     5

    0.4180

     5

    0.4181

     5

    0.4182

     5

    0.4183

     5

    0.4184

     5

    0.4185

     5

    0.4186

     5

    0.4187

     5

    0.4188

     5

    0.4189

     5

    0.4190

     5

    0.4191

     5

    0.4192

     5

    0.4193

     5

    0.4194

     5

    0.4195

     5

    0.4196

     3

    0.4197

     3

    0.4198

     3

    0.4198

     3

    0.4199

     3

    0.4200

     3

    0.4200

     3

    0.4201

     3

    0.4202

     3

    0.4202

     1

    0.4203

     1

    0.4203

     1

    0.4204

     1

    0.4205

     1

    0.4205

     1

    0.4206

     1

    0.4207

     1

    0.4207

     1

    0.4208

     1

    0.4209

     1

    0.4209

     1

    0.4210

     1

    0.4210

     1

    0.4211

     1

    0.4212

     1

    0.4212

     1

    0.4213

     1

    0.4214

     1

    0.4214

     1

    0.4215

     1

    0.4216

     1

    0.4216

     1

    0.4217

     1

    0.4217

     1

    0.4218

     1

    0.4219

     1

    0.4219

     1

    0.4220

     1

    0.4221

     1

    0.4221

     1

    0.4222

     1

    0.4223

     1

    0.4223

     1

    0.4224

     1

    0.4225

     1

    0.4225

     1

    0.4226

     1

    0.4226

     1

    0.4227

     5

    0.4228

     5

    0.4228

     5

    0.4229

     5

    0.4230

     5

    0.4231

     5

    0.4231

     5

    0.4232

     5

    0.4233

     5

    0.4233

     5

    0.4234

     5

    0.4235

     5

    0.4235

     5

    0.4236

     5

    0.4237

     1

    0.4237

     1

    0.4238

     1

    0.4239

     1

    0.4239

     1

    0.4240

     1

    0.4241

     1

    0.4241

     1

    0.4242

     1

    0.4243

     1

    0.4243

     1

    0.4244

     1

    0.4245

     5

    0.4245

     3

    0.4246

     3

    0.4247

     3

    0.4247

     3

    0.4248

     3

    0.4248

     3

    0.4249

     3

    0.4249

     3

    0.4250

     3

    0.4250

     3

    0.4251

     3

    0.4251

     3

    0.4252

     3

    0.4252

     3

    0.4253

     3

    0.4253

     3

    0.4254

     3

    0.4254

     3

    0.4254

     3

    0.4255

     3

    0.4255

     3

    0.4256

     3

    0.4256

     3

    0.4257

     1

    0.4257

     1

    0.4258

     1

    0.4258

     1

    0.4259

     1

    0.4259

     1

    0.4260

     1

    0.4260

     1

    0.4260

     1

    0.4261

     1

    0.4261

     1

    0.4262

     1

    0.4262

     1

    0.4263

     1

    0.4263

     1

    0.4264

     1

    0.4264

     5

    0.4265

     5

    0.4265

     5

    0.4266

     5

    0.4266

     5

    0.4267

     5

    0.4267

     5

    0.4268

     5

    0.4268

     5

    0.4269

     5

    0.4269

     5

    0.4270

     5

    0.4270

     5

    0.4271

     3

    0.4271

     3

    0.4271

     3

    0.4272

     3

    0.4272

     3

    0.4272

     3

    0.4273

     3

    0.4273

     3

    0.4273

     3

    0.4274

     3

    0.4274

     3

    0.4274

     3

    0.4275

     3

    0.4275

     3

    0.4275

     3

    0.4276

     3

    0.4276

     3

    0.4276

     3

    0.4277

     3

    0.4277

     3

    0.4277

     3

    0.4277

     3

    0.4278

     3

    0.4278

     3

    0.4278

     3

    0.4279

     3

    0.4279

     1

    0.4279

     1

    0.4279

     1

    0.4280

     1

    0.4280

     1

    0.4280

     1

    0.4281

     1

    0.4281

     1

    0.4281

     1

    0.4281

     1

    0.4282

     1

    0.4282

     1

    0.4282

     1

    0.4283

     1

    0.4283

     5

    0.4283

     5

    0.4283

     5

    0.4284

     5

    0.4284

     5

    0.4284

     5

    0.4285

     5

    0.4285

     5

    0.4285

     5

    0.4286

     5

    0.4286

     5

    0.4286

     5

    0.4287

     5

    0.4287

     5

    0.4287

     3

    0.4288

     3

    0.4288

     3

    0.4288

     3

    0.4288

     3

    0.4289

     3

    0.4289

     3

    0.4289

     3

    0.4289

     3

    0.4289

     3

    0.4290

     3

    0.4290

     3

    0.4290

     3

    0.4290

     3

    0.4290

     3

    0.4290

     3

    0.4291

     3

    0.4291

     3

    0.4291

     3

    0.4291

     3

    0.4291

     3

    0.4291

     3

    0.4292

     3

    0.4292

     3

    0.4292

     3

    0.4292

     3

    0.4292

     3

    0.4292

     1

    0.4293

     1

    0.4293

     1

    0.4293

     1

    0.4293

     1

    0.4293

     1

    0.4293

     1

    0.4293

     1

    0.4294

     1

    0.4294

     5

    0.4294

     5

    0.4294

     5

    0.4294

     5

    0.4294

     5

    0.4295

     5

    0.4295

     5

    0.4295

     5

    0.4295

     5

    0.4295

     5

    0.4296

     5

    0.4296

     5

    0.4296

     5

    0.4296

     5

    0.4296

     5

    0.4297

     5

    0.4297

     3

    0.4297

     3

    0.4297

     3

    0.4297

     3

    0.4297

     3

    0.4297

     3

    0.4297

     3

    0.4297

     3

    0.4298

     3

    0.4298

     3

    0.4298

     3

    0.4298

     3

    0.4298

     3

    0.4298

     3

    0.4298

     3

    0.4298

     3

    0.4298

     3

    0.4298

     3

    0.4298

     3

    0.4298

     3

    0.4298

     3

    0.4298

     3

    0.4298

     3

    0.4298

     3

    0.4298

     3

    0.4298

     5

    0.4298

     5

    0.4298

     5

    0.4298

     5

    0.4299

     5

    0.4299

     5

    0.4299

     5

    0.4299

     5

    0.4299

     5

    0.4299

     5

    0.4299

     5

    0.4299

     5

    0.4299

     5

    0.4299

     5

    0.4299

     5

    0.4299

     5

    0.4299

     3

    0.4299

     3

    0.4299

     3

    0.4299

     3

    0.4299

     3

    0.4299

     3

    0.4299

     3

    0.4299

     3

    0.4299

     3

    0.4299

     3

    0.4299

     3

    0.4299

     5

    0.4299

     5

    0.4299

     5

    0.4299

     5

    0.4299

     5

    0.4299

     5

    0.4299

     5

    0.4299

     5

    0.4299

     5

    0.4299

     5

    0.4299

     5

    0.4299

     3

    0.4299

     3

    0.4299

     3

    0.4299

     5

    0.4299

     5

    0.4299

     5

    0.4299

     5

    0.4299

     5

    0.4299

     3

    0.4299

     5

    0.4299

     5

    0.4299

     7

    0.4299

     5

    0.4299

     6

    0.4299

     6

    0.4299

     6

    0.4299

     6

    0.4299

     6

    0.4299

     6

    0.4299

     6

    0.4299

     6

    0.4299

     6

    0.4299

Hurrah! The rover has reached the target point at   206 s (TTRTP)
