     6

     0

     3

   1.0913e-06

     3

   4.5950e-06

     3

   1.0557e-05

     3

   1.8977e-05

     3

   2.9855e-05

     3

   4.3190e-05

     3

   5.8981e-05

     3

   7.7229e-05

     3

   9.7933e-05

     3

   1.2109e-04

     3

   1.4670e-04

     3

   1.7477e-04

     3

   2.0528e-04

     3

   2.3825e-04

     3

   2.7366e-04

     3

   3.1152e-04

     3

   3.5183e-04

     3

   3.9458e-04

     3

   4.3977e-04

     3

   4.8741e-04

     3

   5.3748e-04

     3

   5.8998e-04

     3

   6.4492e-04

     1

   7.0120e-04

     1

   7.5748e-04

     1

   8.1376e-04

     1

   8.7003e-04

     1

   9.2631e-04

     1

   9.8259e-04

     1

    0.0010

     1

    0.0011

     1

    0.0012

     1

    0.0012

     1

    0.0013

     1

    0.0013

     1

    0.0014

     1

    0.0014

     1

    0.0015

     1

    0.0015

     1

    0.0016

     1

    0.0017

     1

    0.0017

     1

    0.0018

     1

    0.0018

     1

    0.0019

     1

    0.0019

     1

    0.0020

     1

    0.0021

     1

    0.0021

     1

    0.0022

     1

    0.0022

     1

    0.0023

     1

    0.0023

     1

    0.0024

     1

    0.0024

     1

    0.0025

     1

    0.0026

     1

    0.0026

     1

    0.0027

     1

    0.0027

     1

    0.0028

     1

    0.0028

     1

    0.0029

     1

    0.0030

     1

    0.0030

     1

    0.0031

     1

    0.0031

     1

    0.0032

     1

    0.0032

     1

    0.0033

     1

    0.0033

     1

    0.0034

     1

    0.0035

     1

    0.0035

     1

    0.0036

     1

    0.0036

     1

    0.0037

     1

    0.0037

     1

    0.0038

     1

    0.0039

     1

    0.0039

     1

    0.0040

     1

    0.0040

     1

    0.0041

     1

    0.0041

     1

    0.0042

     1

    0.0042

     1

    0.0043

     1

    0.0044

     1

    0.0044

     1

    0.0045

     1

    0.0045

     1

    0.0046

     1

    0.0046

     1

    0.0047

     1

    0.0048

     1

    0.0048

     1

    0.0049

     1

    0.0049

     1

    0.0050

     1

    0.0050

     1

    0.0051

     1

    0.0051

     1

    0.0052

     1

    0.0053

     1

    0.0053

     1

    0.0054

     1

    0.0054

     1

    0.0055

     1

    0.0055

     1

    0.0056

     1

    0.0057

     1

    0.0057

     1

    0.0058

     1

    0.0058

     1

    0.0059

     1

    0.0059

     1

    0.0060

     1

    0.0060

     1

    0.0061

     1

    0.0062

     1

    0.0062

     1

    0.0063

     1

    0.0063

     1

    0.0064

     1

    0.0064

     1

    0.0065

     1

    0.0066

     1

    0.0066

     1

    0.0067

     1

    0.0067

     1

    0.0068

     1

    0.0068

     1

    0.0069

     1

    0.0069

     1

    0.0070

     1

    0.0071

     1

    0.0071

     1

    0.0072

     1

    0.0072

     1

    0.0073

     1

    0.0073

     1

    0.0074

     1

    0.0075

     1

    0.0075

     1

    0.0076

     1

    0.0076

     1

    0.0077

     1

    0.0077

     1

    0.0078

     1

    0.0078

     1

    0.0079

     1

    0.0080

     1

    0.0080

     1

    0.0081

     1

    0.0081

     1

    0.0082

     1

    0.0082

     1

    0.0083

     1

    0.0084

     1

    0.0084

     1

    0.0085

     1

    0.0085

     1

    0.0086

     1

    0.0086

     1

    0.0087

     1

    0.0087

     1

    0.0088

     1

    0.0089

     1

    0.0089

     1

    0.0090

     1

    0.0090

     1

    0.0091

     1

    0.0091

     1

    0.0092

     1

    0.0093

     1

    0.0093

     1

    0.0094

     1

    0.0094

     1

    0.0095

     1

    0.0095

     1

    0.0096

     1

    0.0096

     1

    0.0097

     1

    0.0098

     1

    0.0098

     1

    0.0099

     1

    0.0099

     1

    0.0100

     1

    0.0100

     1

    0.0101

     1

    0.0102

     1

    0.0102

     1

    0.0103

     1

    0.0103

     1

    0.0104

     1

    0.0104

     1

    0.0105

     1

    0.0105

     1

    0.0106

     1

    0.0107

     1

    0.0107

     1

    0.0108

     1

    0.0108

     1

    0.0109

     1

    0.0109

     1

    0.0110

     1

    0.0111

     1

    0.0111

     1

    0.0112

     1

    0.0112

     1

    0.0113

     1

    0.0113

     1

    0.0114

     1

    0.0115

     3

    0.0114

     1

    0.0114

     1

    0.0113

     1

    0.0113

     1

    0.0112

     1

    0.0112

     1

    0.0111

     1

    0.0111

     1

    0.0110

     1

    0.0110

     1

    0.0109

     1

    0.0109

     1

    0.0108

     1

    0.0108

     1

    0.0107

     1

    0.0107

     1

    0.0106

     1

    0.0106

     1

    0.0105

     1

    0.0105

     1

    0.0105

     1

    0.0104

     1

    0.0104

     1

    0.0103

     1

    0.0103

{エラー: <a href="matlab:matlab.internal.language.introspective.errorDocCallback('pause')" style="font-weight:bold">pause</a>
処理を終了しました

エラー: <a href="matlab:matlab.internal.language.introspective.errorDocCallback('HRdisp', 'C:\Users\issei\Desktop\2018_Hoppingrover\HRdisp.m', 65)" style="font-weight:bold">HRdisp</a> (<a href="matlab: opentoline('C:\Users\issei\Desktop\2018_Hoppingrover\HRdisp.m',65,0)">line 65</a>)
pause(0.01);

エラー: <a href="matlab:matlab.internal.language.introspective.errorDocCallback('HRmain', 'C:\Users\issei\Desktop\2018_Hoppingrover\HRmain.m', 59)" style="font-weight:bold">HRmain</a> (<a href="matlab: opentoline('C:\Users\issei\Desktop\2018_Hoppingrover\HRmain.m',59,0)">line 59</a>)
	  			HRdisp(ts,xs,posT);
} 
pos(2)

ans =

    0.0527

HRmain
