     6

     0

     3

   2.2134e-06

     3

   9.1208e-06

     3

   2.0793e-05

     3

   3.7230e-05

     3

   5.8429e-05

     3

   8.4389e-05

     3

   1.1511e-04

     3

   1.5058e-04

     3

   1.9080e-04

     3

   2.3577e-04

     3

   2.8548e-04

     3

   3.3993e-04

     3

   3.9910e-04

     3

   4.6301e-04

     3

   5.3162e-04

     3

   6.0495e-04

     3

   6.8298e-04

     3

   7.6570e-04

     3

   8.5309e-04

     3

   9.4516e-04

     3

    0.0010

     3

    0.0011

     3

    0.0012

     3

    0.0014

     3

    0.0015

     3

    0.0016

     3

    0.0017

     1

    0.0018

     1

    0.0020

     1

    0.0021

     1

    0.0022

     1

    0.0024

     1

    0.0025

     1

    0.0026

     1

    0.0027

     1

    0.0029

     1

    0.0030

     1

    0.0031

     1

    0.0032

     1

    0.0034

     1

    0.0035

     1

    0.0036

     1

    0.0037

     1

    0.0039

     1

    0.0040

     1

    0.0041

     1

    0.0043

     1

    0.0044

     1

    0.0045

     1

    0.0046

     1

    0.0048

     1

    0.0049

     1

    0.0050

     1

    0.0051

     1

    0.0053

     1

    0.0054

     1

    0.0055

     1

    0.0057

     1

    0.0058

     1

    0.0059

     1

    0.0060

     1

    0.0062

     1

    0.0063

     1

    0.0064

     1

    0.0065

     1

    0.0067

     1

    0.0068

     1

    0.0069

     1

    0.0070

     1

    0.0072

     1

    0.0073

     1

    0.0074

     1

    0.0076

     1

    0.0077

     1

    0.0078

     1

    0.0079

     1

    0.0081

     1

    0.0082

     1

    0.0083

     1

    0.0084

     1

    0.0086

     1

    0.0087

     1

    0.0088

     1

    0.0090

     1

    0.0091

     1

    0.0092

     1

    0.0093

     1

    0.0095

     1

    0.0096

     1

    0.0097

     1

    0.0098

     1

    0.0100

     1

    0.0101

     1

    0.0102

     1

    0.0103

     1

    0.0105

     1

    0.0106

     1

    0.0107

     1

    0.0109

     1

    0.0110

     1

    0.0111

     1

    0.0112

     1

    0.0114

     1

    0.0115

     1

    0.0116

     1

    0.0117

     1

    0.0119

     1

    0.0120

     1

    0.0121

     1

    0.0123

     1

    0.0124

     1

    0.0125

     1

    0.0126

     1

    0.0128

     1

    0.0129

     1

    0.0130

     1

    0.0131

     1

    0.0133

     1

    0.0134

     1

    0.0135

     1

    0.0136

     1

    0.0138

     1

    0.0139

     1

    0.0140

     1

    0.0142

     1

    0.0143

     1

    0.0144

     1

    0.0145

     1

    0.0147

     1

    0.0148

     1

    0.0149

     1

    0.0150

     1

    0.0152

     1

    0.0153

     1

    0.0154

     1

    0.0155

     1

    0.0157

     1

    0.0158

     1

    0.0159

     1

    0.0161

     1

    0.0162

     1

    0.0163

     1

    0.0164

     1

    0.0166

     1

    0.0167

     1

    0.0168

     1

    0.0169

     1

    0.0171

     1

    0.0172

     1

    0.0173

     1

    0.0175

     1

    0.0176

     1

    0.0177

     1

    0.0178

     1

    0.0180

     1

    0.0181

     1

    0.0182

     1

    0.0183

     1

    0.0185

     1

    0.0186

     1

    0.0187

     1

    0.0188

     1

    0.0190

     1

    0.0191

     1

    0.0192

     1

    0.0194

     1

    0.0195

     1

    0.0196

     1

    0.0197

     1

    0.0199

     1

    0.0200

     1

    0.0201

     1

    0.0202

     1

    0.0204

     1

    0.0205

     1

    0.0206

     1

    0.0208

     1

    0.0209

     1

    0.0210

     1

    0.0211

     1

    0.0213

     1

    0.0214

     1

    0.0215

     1

    0.0216

     1

    0.0218

     1

    0.0219

     1

    0.0220

     1

    0.0221

     1

    0.0223

     1

    0.0224

     1

    0.0225

     1

    0.0227

     1

    0.0228

     1

    0.0229

     1

    0.0230

     1

    0.0232

     1

    0.0233

     1

    0.0234

     1

    0.0235

     1

    0.0237

     1

    0.0238

     1

    0.0239

     1

    0.0241

     1

    0.0242

     1

    0.0243

     1

    0.0244

     1

    0.0246

     1

    0.0247

     1

    0.0248

     1

    0.0249

     1

    0.0251

     1

    0.0252

     1

    0.0253

     1

    0.0254

     1

    0.0256

     1

    0.0257

     1

    0.0258

     1

    0.0260

     1

    0.0261

     1

    0.0262

     1

    0.0263

     1

    0.0265

     1

    0.0266

     1

    0.0267

     1

    0.0268

     1

    0.0270

     1

    0.0271

     1

    0.0272

     1

    0.0273

     1

    0.0275

     1

    0.0276

     1

    0.0277

     1

    0.0279

     1

    0.0280

     1

    0.0281

     1

    0.0282

     1

    0.0284

     1

    0.0285

     1

    0.0286

     1

    0.0287

     1

    0.0289

     1

    0.0290

     1

    0.0291

     1

    0.0293

     1

    0.0294

     1

    0.0295

     1

    0.0296

     1

    0.0298

     1

    0.0299

     1

    0.0300

     1

    0.0301

     1

    0.0303

     1

    0.0304

     1

    0.0305

     1

    0.0306

     1

    0.0308

     1

    0.0309

     1

    0.0310

     1

    0.0312

     1

    0.0313

     1

    0.0314

     1

    0.0315

     1

    0.0317

     1

    0.0318

     1

    0.0319

     1

    0.0320

     1

    0.0322

     1

    0.0323

     1

    0.0324

     1

    0.0326

     1

    0.0327

     1

    0.0328

     1

    0.0329

     1

    0.0331

     1

    0.0332

     1

    0.0333

     1

    0.0334

     1

    0.0336

     1

    0.0337

     1

    0.0338

     1

    0.0339

     1

    0.0341

     1

    0.0342

     1

    0.0343

     1

    0.0345

     1

    0.0346

     1

    0.0347

     1

    0.0348

     1

    0.0350

     1

    0.0351

     1

    0.0352

     1

    0.0353

     1

    0.0355

     1

    0.0356

     1

    0.0357

     1

    0.0358

     1

    0.0360

     1

    0.0361

     1

    0.0362

     1

    0.0364

     1

    0.0365

     1

    0.0366

     1

    0.0367

     1

    0.0369

     1

    0.0370

     1

    0.0371

     1

    0.0372

     1

    0.0374

     1

    0.0375

     1

    0.0376

     1

    0.0378

     1

    0.0379

     1

    0.0380

     1

    0.0381

     1

    0.0383

     1

    0.0384

     1

    0.0385

     1

    0.0386

     1

    0.0388

     1

    0.0389

     1

    0.0390

     1

    0.0391

     1

    0.0393

     1

    0.0394

     1

    0.0395

     1

    0.0397

     1

    0.0398

     1

    0.0399

     1

    0.0400

     1

    0.0402

     1

    0.0403

     1

    0.0404

     1

    0.0405

     1

    0.0407

     1

    0.0408

     1

    0.0409

     1

    0.0411

     1

    0.0412

     1

    0.0413

     1

    0.0414

     1

    0.0416

     1

    0.0417

     1

    0.0418

     1

    0.0419

     1

    0.0421

     1

    0.0422

     1

    0.0423

     1

    0.0424

     1

    0.0426

     1

    0.0427

     1

    0.0428

     1

    0.0430

     1

    0.0431

     1

    0.0432

     1

    0.0433

     1

    0.0435

     1

    0.0436

     1

    0.0437

     1

    0.0438

     1

    0.0440

     1

    0.0441

     1

    0.0442

     1

    0.0444

     1

    0.0445

     1

    0.0446

     1

    0.0447

     1

    0.0449

     1

    0.0450

     1

    0.0451

     1

    0.0452

     1

    0.0454

     1

    0.0455

     1

    0.0456

     1

    0.0457

     1

    0.0459

     1

    0.0460

     1

    0.0461

     1

    0.0463

     1

    0.0464

     1

    0.0465

     1

    0.0466

     1

    0.0468

     1

    0.0469

     1

    0.0470

     1

    0.0471

     1

    0.0473

     1

    0.0474

     1

    0.0475

     1

    0.0476

     1

    0.0478

     1

    0.0479

     1

    0.0480

     1

    0.0482

     1

    0.0483

     1

    0.0484

     1

    0.0485

     1

    0.0487

     1

    0.0488

     1

    0.0489

     1

    0.0490

     1

    0.0492

     1

    0.0493

     1

    0.0494

     1

    0.0496

     1

    0.0497

     1

    0.0498

     1

    0.0499

     1

    0.0501

     1

    0.0502

     1

    0.0503

     1

    0.0504

     1

    0.0506

     1

    0.0507

     1

    0.0508

     1

    0.0509

     1

    0.0511

     1

    0.0512

     1

    0.0513

     1

    0.0515

     1

    0.0516

     1

    0.0517

     1

    0.0518

     1

    0.0520

     1

    0.0521

     1

    0.0522

     1

    0.0523

     1

    0.0525

     1

    0.0526

     1

    0.0527

     1

    0.0529

     1

    0.0530

     1

    0.0531

     1

    0.0532

     1

    0.0534

     1

    0.0535

     1

    0.0536

     1

    0.0537

     1

    0.0539

     1

    0.0540

     1

    0.0541

     1

    0.0542

     1

    0.0544

     1

    0.0545

     1

    0.0546

     1

    0.0548

     1

    0.0549

     1

    0.0550

     1

    0.0551

     1

    0.0553

     1

    0.0554

     1

    0.0555

     1

    0.0556

     1

    0.0558

     1

    0.0559

     1

    0.0560

     1

    0.0562

     1

    0.0563

     1

    0.0564

     1

    0.0565

     1

    0.0567

     1

    0.0568

     1

    0.0569

     1

    0.0570

     1

    0.0572

     1

    0.0573

     1

    0.0574

     1

    0.0575

     1

    0.0577

     1

    0.0578

     1

    0.0579

     1

    0.0581

     1

    0.0582

     1

    0.0583

     1

    0.0584

     1

    0.0586

     1

    0.0587

     1

    0.0588

     1

    0.0589

     1

    0.0591

     1

    0.0592

     1

    0.0593

     1

    0.0594

     1

    0.0596

     1

    0.0597

     1

    0.0598

     1

    0.0600

     1

    0.0601

     1

    0.0602

     1

    0.0603

     1

    0.0605

     1

    0.0606

     1

    0.0607

     1

    0.0608

     1

    0.0610

     1

    0.0611

     1

    0.0612

     1

    0.0614

     1

    0.0615

     1

    0.0616

     3

    0.0617

     3

    0.0617

     1

    0.0616

     1

    0.0616

     1

    0.0615

     1

    0.0615

     1

    0.0614

     1

    0.0614

     1

    0.0613

     3

    0.0612

     3

    0.0612

     3

    0.0611

     3

    0.0611

     1

    0.0610

     1

    0.0610

     1

    0.0609

     1

    0.0609

     1

    0.0608

     1

    0.0608

     1

    0.0607

     1

    0.0606

     1

    0.0606

     1

    0.0605

     1

    0.0605

     1

    0.0604

     1

    0.0604

     1

    0.0603

     1

    0.0603

     1

    0.0602

     1

    0.0602

     1

    0.0601

     1

    0.0601

     1

    0.0600

     1

    0.0600

     1

    0.0599

     1

    0.0599

     1

    0.0598

     1

    0.0598

     1

    0.0597

     1

    0.0597

     1

    0.0596

     1

    0.0596

     1

    0.0595

     1

    0.0595

     1

    0.0594

     1

    0.0594

     1

    0.0593

     1

    0.0592

     1

    0.0592

     1

    0.0591

     1

    0.0591

     1

    0.0590

     1

    0.0590

     1

    0.0589

     1

    0.0589

     1

    0.0588

     1

    0.0588

     1

    0.0587

     1

    0.0587

     1

    0.0586

     1

    0.0586

     1

    0.0585

     1

    0.0585

     1

    0.0584

     1

    0.0584

     1

    0.0583

     1

    0.0583

     1

    0.0582

     1

    0.0582

     1

    0.0581

     1

    0.0581

     1

    0.0580

     1

    0.0580

     1

    0.0579

     1

    0.0578

     1

    0.0578

     1

    0.0577

     1

    0.0577

     1

    0.0576

     1

    0.0576

     1

    0.0575

     1

    0.0575

     1

    0.0574

     1

    0.0574

     1

    0.0573

     1

    0.0573

     1

    0.0572

     1

    0.0572

     1

    0.0571

     1

    0.0571

     1

    0.0570

     1

    0.0570

     1

    0.0569

     1

    0.0569

     1

    0.0568

     1

    0.0568

     1

    0.0567

     1

    0.0567

     1

    0.0566

     1

    0.0566

     1

    0.0565

     1

    0.0565

     1

    0.0564

     1

    0.0563

     1

    0.0563

     1

    0.0562

     1

    0.0562

     1

    0.0561

     1

    0.0561

     1

    0.0560

     1

    0.0560

     1

    0.0559

     1

    0.0559

     1

    0.0558

     1

    0.0558

     1

    0.0557

     1

    0.0557

     1

    0.0556

     1

    0.0556

     1

    0.0555

     1

    0.0555

     1

    0.0554

     1

    0.0554

     1

    0.0553

     1

    0.0553

     1

    0.0552

     1

    0.0552

     1

    0.0551

     1

    0.0551

     1

    0.0550

     1

    0.0549

     1

    0.0549

     1

    0.0548

     1

    0.0548

     1

    0.0547

     1

    0.0547

     1

    0.0546

     1

    0.0546

     1

    0.0545

     1

    0.0545

     1

    0.0544

     1

    0.0544

     1

    0.0543

     1

    0.0543

     1

    0.0542

     1

    0.0542

     1

    0.0541

     1

    0.0541

     1

    0.0540

     1

    0.0540

     1

    0.0539

     1

    0.0539

     1

    0.0538

     1

    0.0538

     1

    0.0537

     1

    0.0537

     1

    0.0536

     1

    0.0535

     1

    0.0535

     1

    0.0534

     1

    0.0534

     1

    0.0533

     1

    0.0533

     1

    0.0532

     1

    0.0532

     1

    0.0531

     1

    0.0531

     1

    0.0530

     1

    0.0530

     1

    0.0529

     1

    0.0529

     1

    0.0528

     1

    0.0528

     1

    0.0527

     1

    0.0527

     1

    0.0526

     1

    0.0526

     1

    0.0525

     1

    0.0525

     1

    0.0524

     1

    0.0524

     1

    0.0523

     1

    0.0523

     1

    0.0522

     1

    0.0521

     1

    0.0521

     1

    0.0520

     1

    0.0520

     1

    0.0519

     1

    0.0519

     1

    0.0518

     1

    0.0518

     1

    0.0517

     1

    0.0517

     1

    0.0516

     1

    0.0516

     1

    0.0515

     1

    0.0515

     1

    0.0514

     1

    0.0514

     1

    0.0513

     1

    0.0513

     1

    0.0512

     1

    0.0512

     1

    0.0511

     1

    0.0511

     1

    0.0510

     1

    0.0510

     1

    0.0509

     1

    0.0509

     1

    0.0508

     1

    0.0507

     1

    0.0507

     1

    0.0506

     1

    0.0506

     1

    0.0505

     1

    0.0505

     1

    0.0504

     1

    0.0504

     1

    0.0503

     1

    0.0503

     1

    0.0502

     1

    0.0502

     1

    0.0501

     1

    0.0501

     1

    0.0500

     1

    0.0500

     1

    0.0499

     1

    0.0499

     1

    0.0498

     1

    0.0498

     1

    0.0497

     1

    0.0497

     1

    0.0496

     1

    0.0496

     1

    0.0495

     1

    0.0495

     1

    0.0494

     1

    0.0494

     1

    0.0493

     1

    0.0492

     1

    0.0492

     1

    0.0491

     1

    0.0491

     1

    0.0490

     1

    0.0490

     1

    0.0489

     1

    0.0489

     1

    0.0488

     1

    0.0488

     1

    0.0487

     1

    0.0487

     1

    0.0486

     1

    0.0486

     1

    0.0485

     1

    0.0485

     1

    0.0484

     1

    0.0484

     1

    0.0483

     1

    0.0483

     1

    0.0482

     1

    0.0482

     1

    0.0481

     1

    0.0481

     1

    0.0480

     1

    0.0480

     1

    0.0479

     1

    0.0478

     1

    0.0478

     1

    0.0477

     1

    0.0477

     1

    0.0476

     1

    0.0476

     1

    0.0475

     1

    0.0475

     1

    0.0474

     1

    0.0474

     1

    0.0473

     1

    0.0473

     1

    0.0472

     1

    0.0472

     1

    0.0471

     1

    0.0471

     1

    0.0470

     1

    0.0470

     1

    0.0469

     1

    0.0469

     1

    0.0468

     1

    0.0468

     1

    0.0467

     1

    0.0467

     1

    0.0466

     1

    0.0466

     1

    0.0465

     1

    0.0464

     1

    0.0464

     1

    0.0463

     1

    0.0463

     1

    0.0462

     1

    0.0462

     1

    0.0461

     1

    0.0461

     1

    0.0460

     1

    0.0460

     1

    0.0459

     1

    0.0459

     1

    0.0458

     1

    0.0458

     1

    0.0457

     1

    0.0457

     1

    0.0456

     1

    0.0456

     1

    0.0455

     1

    0.0455

     1

    0.0454

     1

    0.0454

     1

    0.0453

     1

    0.0453

     1

    0.0452

     1

    0.0452

     1

    0.0451

     1

    0.0450

     1

    0.0450

     1

    0.0449

     1

    0.0449

     1

    0.0448

     1

    0.0448

     1

    0.0447

     1

    0.0447

     1

    0.0446

     1

    0.0446

     1

    0.0445

     1

    0.0445

     1

    0.0444

     1

    0.0444

     1

    0.0443

     1

    0.0443

     1

    0.0442

     1

    0.0442

     1

    0.0441

     1

    0.0441

     1

    0.0440

     1

    0.0440

     1

    0.0439

     1

    0.0439

     1

    0.0438

     1

    0.0438

     1

    0.0437

     1

    0.0436

     1

    0.0436

     1

    0.0435

     1

    0.0435

     1

    0.0434

     1

    0.0434

     1

    0.0433

     1

    0.0433

     1

    0.0432

     1

    0.0432

     1

    0.0431

     1

    0.0431

     1

    0.0430

     1

    0.0430

     1

    0.0429

     1

    0.0429

     1

    0.0428

     1

    0.0428

     1

    0.0427

     1

    0.0427

     1

    0.0426

     1

    0.0426

     1

    0.0425

     1

    0.0425

     1

    0.0424

     1

    0.0424

     1

    0.0423

     1

    0.0423

     1

    0.0422

     1

    0.0421

     1

    0.0421

     1

    0.0420

     1

    0.0420

     1

    0.0419

     1

    0.0419

     1

    0.0418

     1

    0.0418

     1

    0.0417

     1

    0.0417

     1

    0.0416

     1

    0.0416

     1

    0.0415

     1

    0.0415

     1

    0.0414

     1

    0.0414

     1

    0.0413

     1

    0.0413

     1

    0.0412

     1

    0.0412

     1

    0.0411

     1

    0.0411

     1

    0.0410

     1

    0.0410

     1

    0.0409

     1

    0.0409

     1

    0.0408

     1

    0.0407

     1

    0.0407

     1

    0.0406

     1

    0.0406

     1

    0.0405

     1

    0.0405

     1

    0.0404

     1

    0.0404

     1

    0.0403

     1

    0.0403

     1

    0.0402

     1

    0.0402

     1

    0.0401

     1

    0.0401

     1

    0.0400

     1

    0.0400

     1

    0.0399

     1

    0.0399

     1

    0.0398

     1

    0.0398

     1

    0.0397

     1

    0.0397

     1

    0.0396

     1

    0.0396

     1

    0.0395

     1

    0.0395

     1

    0.0394

     1

    0.0393

     3

    0.0392

     1

    0.0389

     1

    0.0387

     1

    0.0385

     1

    0.0383

     1

    0.0380

     1

    0.0378

     1

    0.0376

     1

    0.0374

     3

    0.0372

     1

    0.0370

     1

    0.0367

     1

    0.0365

     1

    0.0363

     1

    0.0361

     1

    0.0359

     1

    0.0357

     1

    0.0355

     1

    0.0353

     1

    0.0350

     1

    0.0348

     1

    0.0346

     1

    0.0344

     1

    0.0342

     1

    0.0340

     1

    0.0338

     1

    0.0336

     1

    0.0333

     1

    0.0331

     1

    0.0329

     1

    0.0327

     1

    0.0325

     1

    0.0323

     1

    0.0321

     1

    0.0319

     1

    0.0316

     1

    0.0314

     1

    0.0312

     1

    0.0310

     1

    0.0308

     1

    0.0306

     1

    0.0304

     1

    0.0302

     1

    0.0299

     1

    0.0297

     1

    0.0295

     1

    0.0293

     1

    0.0291

     1

    0.0289

     1

    0.0287

     1

    0.0285

     1

    0.0282

     1

    0.0280

     1

    0.0278

     1

    0.0276

     1

    0.0274

     1

    0.0272

     1

    0.0270

     1

    0.0268

     1

    0.0265

     1

    0.0263

     1

    0.0261

     1

    0.0259

     1

    0.0257

     1

    0.0255

     1

    0.0253

     1

    0.0250

     1

    0.0248

     1

    0.0246

     1

    0.0244

     1

    0.0242

     1

    0.0240

     1

    0.0238

     1

    0.0236

     1

    0.0233

     1

    0.0231

     1

    0.0229

     1

    0.0227

     1

    0.0225

     1

    0.0223

     1

    0.0221

     1

    0.0219

     1

    0.0216

     1

    0.0214

     1

    0.0212

     1

    0.0210

     1

    0.0208

     1

    0.0206

     1

    0.0204

     1

    0.0202

     1

    0.0199

     1

    0.0197

     1

    0.0195

     1

    0.0193

     1

    0.0191

     1

    0.0189

     1

    0.0187

     1

    0.0185

     1

    0.0182

     1

    0.0180

     1

    0.0178

     1

    0.0176

     1

    0.0174

     1

    0.0172

     1

    0.0170

     1

    0.0168

     1

    0.0165

     1

    0.0163

     1

    0.0161

     1

    0.0159

     1

    0.0157

     1

    0.0155

     1

    0.0153

     1

    0.0151

     1

    0.0148

     1

    0.0146

     1

    0.0144

     1

    0.0142

     1

    0.0140

     1

    0.0138

     1

    0.0136

     1

    0.0134

     1

    0.0131

     1

    0.0129

     1

    0.0127

     1

    0.0125

     1

    0.0123

     1

    0.0121

     1

    0.0119

     1

    0.0117

     1

    0.0114

     1

    0.0112

     1

    0.0110

     1

    0.0108

     1

    0.0106

     1

    0.0104

     1

    0.0102

     1

    0.0100

     1

    0.0097

     1

    0.0095

     1

    0.0093

     1

    0.0091

     1

    0.0089

     1

    0.0087

     1

    0.0085

     1

    0.0083

     1

    0.0080

     1

    0.0078

     1

    0.0076

     1

    0.0074

     1

    0.0072

     1

    0.0070

     1

    0.0068

     1

    0.0066

     1

    0.0063

     1

    0.0061

     1

    0.0059

     1

    0.0057

     1

    0.0055

     1

    0.0053

     1

    0.0051

     1

    0.0048

     1

    0.0046

     1

    0.0044

     1

    0.0042

     1

    0.0040

     1

    0.0038

     1

    0.0036

     1

    0.0034

     1

    0.0031

     1

    0.0029

     1

    0.0027

     1

    0.0025

     1

    0.0023

     1

    0.0021

     1

    0.0019

     1

    0.0017

     1

    0.0014

     1

    0.0012

     1

    0.0010

     1

   8.0991e-04

     1

   5.9728e-04

     1

   3.8466e-04

     1

   1.7203e-04

     1

  -4.0595e-05

     1

  -2.5322e-04

     1

  -4.6585e-04

     1

  -6.7847e-04

     1

  -8.9110e-04

     1

   -0.0011

     1

   -0.0013

     1

   -0.0015

     1

   -0.0017

     1

   -0.0020

     1

   -0.0022

     1

   -0.0024

     1

   -0.0026

     1

   -0.0028

     1

   -0.0030

     1

   -0.0032

     1

   -0.0034

     1

   -0.0037

     1

   -0.0039

     1

   -0.0041

     1

   -0.0043

     1

   -0.0045

     1

   -0.0047

     1

   -0.0049

     1

   -0.0051

     1

   -0.0054

     1

   -0.0056

     1

   -0.0058

     1

   -0.0060

     1

   -0.0062

     1

   -0.0064

     1

   -0.0066

     1

   -0.0068

     1

   -0.0071

     1

   -0.0073

     1

   -0.0075

     1

   -0.0077

     1

   -0.0079

     1

   -0.0081

     1

   -0.0083

     1

   -0.0085

     1

   -0.0088

     1

   -0.0090

     1

   -0.0092

     1

   -0.0094

     1

   -0.0096

     1

   -0.0098

     1

   -0.0100

     1

   -0.0102

     1

   -0.0105

     1

   -0.0107

     1

   -0.0109

     1

   -0.0111

     1

   -0.0113

     1

   -0.0115

     1

   -0.0117

     1

   -0.0119

     1

   -0.0122

     1

   -0.0124

     1

   -0.0126

     1

   -0.0128

     1

   -0.0130

     1

   -0.0132

     1

   -0.0134

     1

   -0.0136

     1

   -0.0139

     1

   -0.0141

     1

   -0.0143

     1

   -0.0145

     1

   -0.0147

     1

   -0.0149

     1

   -0.0151

     1

   -0.0153

     1

   -0.0156

     1

   -0.0158

     1

   -0.0160

     1

   -0.0162

     1

   -0.0164

     1

   -0.0166

     1

   -0.0168

     1

   -0.0171

     1

   -0.0173

     1

   -0.0175

     1

   -0.0177

     1

   -0.0179

     1

   -0.0181

     1

   -0.0183

     1

   -0.0185

     1

   -0.0188

     1

   -0.0190

     1

   -0.0192

     1

   -0.0194

     1

   -0.0196

     1

   -0.0198

     1

   -0.0200

     1

   -0.0202

     1

   -0.0205

     1

   -0.0207

     1

   -0.0209

     1

   -0.0211

     1

   -0.0213

     1

   -0.0215

     1

   -0.0217

     1

   -0.0219

     1

   -0.0222

     1

   -0.0224

     1

   -0.0226

     1

   -0.0228

     1

   -0.0230

     1

   -0.0232

     1

   -0.0234

     1

   -0.0236

     1

   -0.0239

     1

   -0.0241

     1

   -0.0243

     1

   -0.0245

     1

   -0.0247

     1

   -0.0249

     1

   -0.0251

     1

   -0.0253

     1

   -0.0256

     1

   -0.0258

     1

   -0.0260

     1

   -0.0262

     1

   -0.0264

     1

   -0.0266

     1

   -0.0268

     1

   -0.0270

     1

   -0.0273

     1

   -0.0275

     1

   -0.0277

     1

   -0.0279

     1

   -0.0281

     1

   -0.0283

     1

   -0.0285

     1

   -0.0287

     1

   -0.0290

     1

   -0.0292

     1

   -0.0294

     1

   -0.0296

     1

   -0.0298

     1

   -0.0300

     1

   -0.0302

     1

   -0.0304

     1

   -0.0307

     1

   -0.0309

     1

   -0.0311

     1

   -0.0313

     1

   -0.0315

     1

   -0.0317

     1

   -0.0319

     1

   -0.0321

     1

   -0.0324

     1

   -0.0326

     1

   -0.0328

     1

   -0.0330

     1

   -0.0332

     1

   -0.0334

     1

   -0.0336

     1

   -0.0338

     1

   -0.0341

     1

   -0.0343

     1

   -0.0345

     1

   -0.0347

     1

   -0.0349

     1

   -0.0351

     1

   -0.0353

     1

   -0.0355

     1

   -0.0358

     1

   -0.0360

     1

   -0.0362

     1

   -0.0364

     1

   -0.0366

     1

   -0.0368

     1

   -0.0370

     1

   -0.0373

     1

   -0.0375

     1

   -0.0377

     1

   -0.0379

     1

   -0.0381

     1

   -0.0383

     1

   -0.0385

     1

   -0.0387

     1

   -0.0390

     1

   -0.0392

     1

   -0.0394

     1

   -0.0396

     1

   -0.0398

     1

   -0.0400

     1

   -0.0402

     1

   -0.0404

     1

   -0.0407

     1

   -0.0409

     1

   -0.0411

     1

   -0.0413

     1

   -0.0415

     1

   -0.0417

     1

   -0.0419

     1

   -0.0421

     1

   -0.0424

     1

   -0.0426

     1

   -0.0428

     1

   -0.0430

     1

   -0.0432

     1

   -0.0434

     1

   -0.0436

     1

   -0.0438

     1

   -0.0441

     1

   -0.0443

     1

   -0.0445

     1

   -0.0447

     1

   -0.0449

     1

   -0.0451

     1

   -0.0453

     1

   -0.0455

     1

   -0.0458

     1

   -0.0460

     1

   -0.0462

     1

   -0.0464

     1

   -0.0466

     1

   -0.0468

     1

   -0.0470

     1

   -0.0472

     1

   -0.0475

     1

   -0.0477

     1

   -0.0479

     1

   -0.0481

     1

   -0.0483

     1

   -0.0485

     1

   -0.0487

     1

   -0.0489

     1

   -0.0492

     1

   -0.0494

     1

   -0.0496

     1

   -0.0498

     1

   -0.0500

     1

   -0.0502

     1

   -0.0504

     1

   -0.0506

     1

   -0.0509

     1

   -0.0511

     1

   -0.0513

     1

   -0.0515

     1

   -0.0517

     1

   -0.0519

     1

   -0.0521

     1

   -0.0523

     1

   -0.0526

     1

   -0.0528

     1

   -0.0530

     1

   -0.0532

     1

   -0.0534

     1

   -0.0536

     1

   -0.0538

     1

   -0.0540

     1

   -0.0543

     1

   -0.0545

     1

   -0.0547

     1

   -0.0549

     1

   -0.0551

     1

   -0.0553

     1

   -0.0555

     1

   -0.0557

     1

   -0.0560

     1

   -0.0562

     1

   -0.0564

     1

   -0.0566

     1

   -0.0568

     1

   -0.0570

     1

   -0.0572

     1

   -0.0574

     1

   -0.0577

     1

   -0.0579

     1

   -0.0581

     1

   -0.0583

     1

   -0.0585

     3

   -0.0588

     1

   -0.0592

     1

   -0.0595

     1

   -0.0599

     1

   -0.0602

     1

   -0.0606

     1

   -0.0609

     1

   -0.0612

     3

   -0.0616

     3

   -0.0619

     3

   -0.0622

     3

   -0.0626

     3

   -0.0629

     1

   -0.0632

     1

   -0.0635

     1

   -0.0638

     3

   -0.0641

     3

   -0.0644

     3

   -0.0647

     1

   -0.0649

     1

   -0.0652

     1

   -0.0655

     1

   -0.0657

     1

   -0.0660

     1

   -0.0663

     1

   -0.0666

     1

   -0.0668

     1

   -0.0671

     1

   -0.0674

     1

   -0.0676

     1

   -0.0679

     1

   -0.0682

     1

   -0.0684

     1

   -0.0687

     1

   -0.0690

     1

   -0.0692

     1

   -0.0695

     1

   -0.0698

     1

   -0.0701

     1

   -0.0703

     1

   -0.0706

     1

   -0.0709

     1

   -0.0711

     1

   -0.0714

     1

   -0.0717

     1

   -0.0719

     1

   -0.0722

     1

   -0.0725

     1

   -0.0728

     1

   -0.0730

     1

   -0.0733

     1

   -0.0736

     1

   -0.0738

     1

   -0.0741

     1

   -0.0744

     1

   -0.0746

     1

   -0.0749

     1

   -0.0752

     1

   -0.0755

     1

   -0.0757

     1

   -0.0760

     1

   -0.0763

     1

   -0.0765

     1

   -0.0768

     1

   -0.0771

     1

   -0.0773

     1

   -0.0776

     1

   -0.0779

     1

   -0.0782

     1

   -0.0784

     1

   -0.0787

     1

   -0.0790

     1

   -0.0792

     1

   -0.0795

     1

   -0.0798

     1

   -0.0800

     1

   -0.0803

     1

   -0.0806

     1

   -0.0809

     1

   -0.0811

     1

   -0.0814

     1

   -0.0817

     1

   -0.0819

     1

   -0.0822

     1

   -0.0825

     1

   -0.0827

     1

   -0.0830

     1

   -0.0833

     1

   -0.0836

     1

   -0.0838

     1

   -0.0841

     1

   -0.0844

     1

   -0.0846

     1

   -0.0849

     1

   -0.0852

     1

   -0.0854

     1

   -0.0857

     1

   -0.0860

     1

   -0.0863

     1

   -0.0865

     1

   -0.0868

     1

   -0.0871

     1

   -0.0873

     1

   -0.0876

     1

   -0.0879

     1

   -0.0881

     1

   -0.0884

     1

   -0.0887

     1

   -0.0890

{エラー: <a href="matlab:matlab.internal.language.introspective.errorDocCallback('pause')" style="font-weight:bold">pause</a>
処理を終了しました

エラー: <a href="matlab:matlab.internal.language.introspective.errorDocCallback('HRdisp', 'C:\Users\issei\Desktop\2018_Hoppingrover\HRdisp.m', 65)" style="font-weight:bold">HRdisp</a> (<a href="matlab: opentoline('C:\Users\issei\Desktop\2018_Hoppingrover\HRdisp.m',65,0)">line 65</a>)
pause(0.01);

エラー: <a href="matlab:matlab.internal.language.introspective.errorDocCallback('HRmain', 'C:\Users\issei\Desktop\2018_Hoppingrover\HRmain.m', 59)" style="font-weight:bold">HRmain</a> (<a href="matlab: opentoline('C:\Users\issei\Desktop\2018_Hoppingrover\HRmain.m',59,0)">line 59</a>)
	  			HRdisp(ts,xs,posT);
} 
HRmain
