     6

     0

     3

   2.2134e-06

     3

   9.1208e-06

     3

   2.0793e-05

     3

   3.7230e-05

     3

   5.8429e-05

     3

   8.4389e-05

     3

   1.1511e-04

     3

   1.5058e-04

     3

   1.9080e-04

     3

   2.3577e-04

     3

   2.8548e-04

     3

   3.3993e-04

     3

   3.9910e-04

     3

   4.6301e-04

     3

   5.3162e-04

     3

   6.0495e-04

     3

   6.8298e-04

     3

   7.6570e-04

     3

   8.5309e-04

     3

   9.4516e-04

     3

    0.0010

     3

    0.0011

     3

    0.0012

     3

    0.0014

     3

    0.0015

     3

    0.0016

     3

    0.0017

     3

    0.0018

     3

    0.0020

     3

    0.0021

     3

    0.0023

     3

    0.0024

     3

    0.0026

     3

    0.0027

     3

    0.0029

     3

    0.0030

     3

    0.0032

     3

    0.0034

     3

    0.0036

     3

    0.0037

     3

    0.0039

     3

    0.0041

     3

    0.0043

     3

    0.0045

     3

    0.0047

     3

    0.0049

     3

    0.0051

     3

    0.0053

     3

    0.0056

     3

    0.0058

     3

    0.0060

     3

    0.0062

     3

    0.0064

     3

    0.0067

     3

    0.0069

     3

    0.0071

     3

    0.0074

     3

    0.0076

     3

    0.0079

     3

    0.0081

     3

    0.0084

     3

    0.0086

     1

    0.0089

     1

    0.0091

     1

    0.0093

     1

    0.0096

     1

    0.0098

     1

    0.0101

     1

    0.0103

     1

    0.0106

     1

    0.0108

     1

    0.0111

     1

    0.0113

     1

    0.0116

     1

    0.0118

     1

    0.0121

     1

    0.0123

     1

    0.0126

     1

    0.0128

     1

    0.0130

     1

    0.0133

     1

    0.0135

     1

    0.0138

     1

    0.0140

     1

    0.0143

     1

    0.0145

     1

    0.0148

     1

    0.0150

     1

    0.0153

     1

    0.0155

     1

    0.0158

     1

    0.0160

     1

    0.0162

     1

    0.0165

     1

    0.0167

     1

    0.0170

     1

    0.0172

     1

    0.0175

     1

    0.0177

     1

    0.0180

     1

    0.0182

     1

    0.0185

     1

    0.0187

     1

    0.0190

     1

    0.0192

     1

    0.0195

     1

    0.0197

     1

    0.0199

     1

    0.0202

     1

    0.0204

     1

    0.0207

     1

    0.0209

     1

    0.0212

     1

    0.0214

     1

    0.0217

     1

    0.0219

     1

    0.0222

     1

    0.0224

     1

    0.0227

     1

    0.0229

     1

    0.0231

     1

    0.0234

     1

    0.0236

     1

    0.0239

     1

    0.0241

     1

    0.0244

     1

    0.0246

     1

    0.0249

     1

    0.0251

     1

    0.0254

     1

    0.0256

     1

    0.0259

     1

    0.0261

     1

    0.0263

     1

    0.0266

     1

    0.0268

     1

    0.0271

     1

    0.0273

     1

    0.0276

     1

    0.0278

     1

    0.0281

     1

    0.0283

     1

    0.0286

     1

    0.0288

     1

    0.0291

     1

    0.0293

     1

    0.0296

     1

    0.0298

     1

    0.0300

     1

    0.0303

     1

    0.0305

     1

    0.0308

     1

    0.0310

     1

    0.0313

     1

    0.0315

     1

    0.0318

     1

    0.0320

     1

    0.0323

     1

    0.0325

     1

    0.0328

     1

    0.0330

     1

    0.0332

     1

    0.0335

     1

    0.0337

     1

    0.0340

     1

    0.0342

     1

    0.0345

     1

    0.0347

     1

    0.0350

     1

    0.0352

     1

    0.0355

     1

    0.0357

     1

    0.0360

     1

    0.0362

     1

    0.0365

     1

    0.0367

     1

    0.0369

     1

    0.0372

     1

    0.0374

     1

    0.0377

     1

    0.0379

     1

    0.0382

     1

    0.0384

     1

    0.0387

     1

    0.0389

     1

    0.0392

     1

    0.0394

     1

    0.0397

     1

    0.0399

     1

    0.0401

     1

    0.0404

     1

    0.0406

     1

    0.0409

     1

    0.0411

     1

    0.0414

     1

    0.0416

     1

    0.0419

     1

    0.0421

     1

    0.0424

     1

    0.0426

     1

    0.0429

     1

    0.0431

     1

    0.0434

     1

    0.0436

     1

    0.0438

     1

    0.0441

     1

    0.0443

     1

    0.0446

     1

    0.0448

     1

    0.0451

     1

    0.0453

     1

    0.0456

     1

    0.0458

     1

    0.0461

     1

    0.0463

     1

    0.0466

     1

    0.0468

     1

    0.0470

     1

    0.0473

     1

    0.0475

     1

    0.0478

     1

    0.0480

     1

    0.0483

     1

    0.0485

     1

    0.0488

     1

    0.0490

     1

    0.0493

     1

    0.0495

     1

    0.0498

     1

    0.0500

     1

    0.0503

     1

    0.0505

     1

    0.0507

     1

    0.0510

     1

    0.0512

     1

    0.0515

     1

    0.0517

     1

    0.0520

     1

    0.0522

     1

    0.0525

     1

    0.0527

     1

    0.0530

     1

    0.0532

     1

    0.0535

     1

    0.0537

     1

    0.0539

     1

    0.0542

     1

    0.0544

     1

    0.0547

     1

    0.0549

     1

    0.0552

     1

    0.0554

     1

    0.0557

     1

    0.0559

     1

    0.0562

     1

    0.0564

     1

    0.0567

     1

    0.0569

     1

    0.0572

     1

    0.0574

{エラー: <a href="matlab:matlab.internal.language.introspective.errorDocCallback('pause')" style="font-weight:bold">pause</a>
処理を終了しました

エラー: <a href="matlab:matlab.internal.language.introspective.errorDocCallback('HRdisp', 'C:\Users\issei\Desktop\2018_Hoppingrover\HRdisp.m', 65)" style="font-weight:bold">HRdisp</a> (<a href="matlab: opentoline('C:\Users\issei\Desktop\2018_Hoppingrover\HRdisp.m',65,0)">line 65</a>)
pause(0.01);

エラー: <a href="matlab:matlab.internal.language.introspective.errorDocCallback('HRmain', 'C:\Users\issei\Desktop\2018_Hoppingrover\HRmain.m', 59)" style="font-weight:bold">HRmain</a> (<a href="matlab: opentoline('C:\Users\issei\Desktop\2018_Hoppingrover\HRmain.m',59,0)">line 59</a>)
	  			HRdisp(ts,xs,posT);
} 
HRmain
