     6

     0

     6

     0

     6

     0

     6

     0

     3

   3.5561e-08

     3

   1.8695e-07

     3

   4.7118e-07

     3

   1.0647e-06

     3

   2.1520e-06

     3

   3.9180e-06

     3

   6.5466e-06

     3

   1.0190e-05

     3

   1.4948e-05

     3

   2.0914e-05

     3

   2.8179e-05

     3

   3.6837e-05

     3

   4.6979e-05

     3

   5.8697e-05

     3

   7.2084e-05

     3

   8.7231e-05

     3

   1.0423e-04

     3

   1.2318e-04

     3

   1.4416e-04

     3

   1.6727e-04

     3

   1.9259e-04

     3

   2.2023e-04

     3

   2.5028e-04

     3

   2.8281e-04

     3

   3.1793e-04

     3

   3.5573e-04

     3

   3.9629e-04

     3

   4.3971e-04

     3

   4.8608e-04

     3

   5.3548e-04

     3

   5.8801e-04

     3

   6.4375e-04

     3

   7.0280e-04

     3

   7.6523e-04

     3

   8.3115e-04

     3

   9.0064e-04

     3

   9.7378e-04

     3

    0.0011

     3

    0.0011

     3

    0.0012

     3

    0.0013

     3

    0.0014

     3

    0.0015

     3

    0.0016

     3

    0.0017

     3

    0.0018

     3

    0.0019

     3

    0.0020

     3

    0.0022

     3

    0.0023

     3

    0.0024

     3

    0.0026

     3

    0.0027

     3

    0.0029

     3

    0.0030

     3

    0.0032

     3

    0.0033

     3

    0.0035

     3

    0.0036

     3

    0.0038

     3

    0.0040

     3

    0.0042

     3

    0.0044

     3

    0.0046

     3

    0.0047

     3

    0.0049

     3

    0.0051

     3

    0.0054

     3

    0.0056

     3

    0.0058

     3

    0.0060

     3

    0.0062

     3

    0.0064

     3

    0.0067

     3

    0.0069

     3

    0.0071

     3

    0.0074

     3

    0.0076

     3

    0.0078

     3

    0.0081

     3

    0.0083

     3

    0.0086

     3

    0.0088

     3

    0.0091

     3

    0.0093

     1

    0.0096

     1

    0.0098

     1

    0.0101

     1

    0.0103

     1

    0.0106

     1

    0.0108

     1

    0.0111

     1

    0.0113

     1

    0.0116

     1

    0.0118

     1

    0.0121

     1

    0.0123

     1

    0.0126

     1

    0.0128

     1

    0.0131

     1

    0.0133

     1

    0.0136

     1

    0.0138

     1

    0.0141

     1

    0.0143

     1

    0.0146

     1

    0.0148

     1

    0.0151

     1

    0.0153

     1

    0.0156

     1

    0.0158

     1

    0.0161

     1

    0.0163

     1

    0.0166

     1

    0.0168

     1

    0.0171

     1

    0.0174

     1

    0.0176

     1

    0.0179

     1

    0.0181

     1

    0.0184

     1

    0.0186

     1

    0.0189

     1

    0.0191

     1

    0.0194

     1

    0.0196

     1

    0.0199

     1

    0.0201

     1

    0.0204

     1

    0.0206

     1

    0.0209

     1

    0.0211

     1

    0.0214

     1

    0.0216

     1

    0.0219

     1

    0.0221

     1

    0.0224

     1

    0.0226

     1

    0.0229

     1

    0.0231

     1

    0.0234

     1

    0.0236

     1

    0.0239

     1

    0.0241

     1

    0.0244

     1

    0.0246

     1

    0.0249

     1

    0.0251

     1

    0.0254

     1

    0.0256

     1

    0.0259

     1

    0.0261

     1

    0.0264

     1

    0.0266

     1

    0.0269

     1

    0.0271

     1

    0.0274

     1

    0.0276

     1

    0.0279

     1

    0.0281

     1

    0.0284

     1

    0.0286

     1

    0.0289

     1

    0.0291

     1

    0.0294

     1

    0.0296

     1

    0.0299

     1

    0.0301

     1

    0.0304

     1

    0.0306

     1

    0.0309

     1

    0.0311

     1

    0.0314

     1

    0.0317

     1

    0.0319

     1

    0.0322

     1

    0.0324

     1

    0.0327

     1

    0.0329

     1

    0.0332

     1

    0.0334

     1

    0.0337

     1

    0.0339

     1

    0.0342

     1

    0.0344

     1

    0.0347

     1

    0.0349

     1

    0.0352

     1

    0.0354

     1

    0.0357

     1

    0.0359

     1

    0.0362

     1

    0.0364

     1

    0.0367

     1

    0.0369

     1

    0.0372

     1

    0.0374

     1

    0.0377

     1

    0.0379

     1

    0.0382

     1

    0.0384

     1

    0.0387

     1

    0.0389

     1

    0.0392

     1

    0.0394

     1

    0.0397

     1

    0.0399

     1

    0.0402

     1

    0.0404

     1

    0.0407

     1

    0.0409

     1

    0.0412

     1

    0.0414

     1

    0.0417

     1

    0.0419

     1

    0.0422

     1

    0.0424

     1

    0.0427

     1

    0.0429

     1

    0.0432

     1

    0.0434

     1

    0.0437

     1

    0.0439

     1

    0.0442

     1

    0.0444

     1

    0.0447

     1

    0.0449

     1

    0.0452

     1

    0.0455

     1

    0.0457

     1

    0.0460

     1

    0.0462

     1

    0.0465

     1

    0.0467

     1

    0.0470

     1

    0.0472

     1

    0.0475

     1

    0.0477

     1

    0.0480

     1

    0.0482

     1

    0.0485

     1

    0.0487

     1

    0.0490

     1

    0.0492

     1

    0.0495

     1

    0.0497

     1

    0.0500

     1

    0.0502

     1

    0.0505

     1

    0.0507

     1

    0.0510

     1

    0.0512

     1

    0.0515

     1

    0.0517

     1

    0.0520

     1

    0.0522

     1

    0.0525

     1

    0.0527

     1

    0.0530

     1

    0.0532

     1

    0.0535

     1

    0.0537

     1

    0.0540

     1

    0.0542

     1

    0.0545

     1

    0.0547

     1

    0.0550

     1

    0.0552

     1

    0.0555

     1

    0.0557

     1

    0.0560

     1

    0.0562

     1

    0.0565

     1

    0.0567

     1

    0.0570

     1

    0.0572

     1

    0.0575

     1

    0.0577

     1

    0.0580

     1

    0.0582

     1

    0.0585

     1

    0.0587

     1

    0.0590

     1

    0.0592

     1

    0.0595

     1

    0.0598

     1

    0.0600

     1

    0.0603

     1

    0.0605

     1

    0.0608

     1

    0.0610

     1

    0.0613

     1

    0.0615

     1

    0.0618

     1

    0.0620

     1

    0.0623

     1

    0.0625

     1

    0.0628

     1

    0.0630

     1

    0.0633

     1

    0.0635

     1

    0.0638

     1

    0.0640

     1

    0.0643

     1

    0.0645

     1

    0.0648

     1

    0.0650

     1

    0.0653

     1

    0.0655

     1

    0.0658

     1

    0.0660

     1

    0.0663

     1

    0.0665

     1

    0.0668

     1

    0.0670

     1

    0.0673

     1

    0.0675

     1

    0.0678

     1

    0.0680

     1

    0.0683

     1

    0.0685

     1

    0.0688

     1

    0.0690

     1

    0.0693

     1

    0.0695

     1

    0.0698

     1

    0.0700

     1

    0.0703

     1

    0.0705

     1

    0.0708

     1

    0.0710

     1

    0.0713

     1

    0.0715

     1

    0.0718

     1

    0.0720

     1

    0.0723

     1

    0.0725

     1

    0.0728

     1

    0.0730

     1

    0.0733

     1

    0.0736

     1

    0.0738

     1

    0.0741

     1

    0.0743

     1

    0.0746

     1

    0.0748

     1

    0.0751

     1

    0.0753

     1

    0.0756

     1

    0.0758

     1

    0.0761

     1

    0.0763

     1

    0.0766

     1

    0.0768

     1

    0.0771

     1

    0.0773

     1

    0.0776

     1

    0.0778

     1

    0.0781

     1

    0.0783

     1

    0.0786

     1

    0.0788

     1

    0.0791

     1

    0.0793

     1

    0.0796

     1

    0.0798

     1

    0.0801

     1

    0.0803

     1

    0.0806

     1

    0.0808

     1

    0.0811

     1

    0.0813

     1

    0.0816

     1

    0.0818

     1

    0.0821

     1

    0.0823

     1

    0.0826

     1

    0.0828

     1

    0.0831

     1

    0.0833

     1

    0.0836

     1

    0.0838

     1

    0.0841

     1

    0.0843

     1

    0.0846

     1

    0.0848

     1

    0.0851

     1

    0.0853

     1

    0.0856

     1

    0.0858

     1

    0.0861

     1

    0.0863

     1

    0.0866

     1

    0.0868

     1

    0.0871

     1

    0.0873

     1

    0.0876

     1

    0.0879

     1

    0.0881

     1

    0.0884

     1

    0.0886

     1

    0.0889

     1

    0.0891

     1

    0.0894

     1

    0.0896

     1

    0.0899

     1

    0.0901

     1

    0.0904

     1

    0.0906

     1

    0.0909

     1

    0.0911

     1

    0.0914

     1

    0.0916

     1

    0.0919

     1

    0.0921

     1

    0.0924

     1

    0.0926

     1

    0.0929

     1

    0.0931

     1

    0.0934

     1

    0.0936

     1

    0.0939

     1

    0.0941

     1

    0.0944

     1

    0.0946

     1

    0.0949

     1

    0.0951

     1

    0.0954

     1

    0.0956

     1

    0.0959

     1

    0.0961

     1

    0.0964

     1

    0.0966

     1

    0.0969

     1

    0.0971

     1

    0.0974

     1

    0.0976

     1

    0.0979

     1

    0.0981

     1

    0.0984

     1

    0.0986

     1

    0.0989

     1

    0.0991

     1

    0.0994

     1

    0.0996

     1

    0.0999

     1

    0.1001

     1

    0.1004

     1

    0.1006

     1

    0.1009

     1

    0.1011

     1

    0.1014

     1

    0.1016

     1

    0.1019

     1

    0.1022

     1

    0.1024

     1

    0.1027

     1

    0.1029

     1

    0.1032

     1

    0.1034

     1

    0.1037

     1

    0.1039

     1

    0.1042

     1

    0.1044

     1

    0.1047

     1

    0.1049

     1

    0.1052

     1

    0.1054

     1

    0.1057

     1

    0.1059

     1

    0.1062

     1

    0.1064

     1

    0.1067

     1

    0.1069

     1

    0.1072

     1

    0.1074

     1

    0.1077

     1

    0.1079

     1

    0.1082

     1

    0.1084

     1

    0.1087

     1

    0.1089

     1

    0.1092

     1

    0.1094

     1

    0.1097

     1

    0.1099

     1

    0.1102

     1

    0.1104

     1

    0.1107

     1

    0.1109

     1

    0.1112

     1

    0.1114

     1

    0.1117

     1

    0.1119

     1

    0.1122

     1

    0.1124

     1

    0.1127

     1

    0.1129

     1

    0.1132

     1

    0.1134

     1

    0.1137

     1

    0.1139

     1

    0.1142

     1

    0.1144

     1

    0.1147

     1

    0.1149

     1

    0.1152

     1

    0.1154

     1

    0.1157

     1

    0.1160

     1

    0.1162

     1

    0.1165

     1

    0.1167

     1

    0.1170

     1

    0.1172

     1

    0.1175

     1

    0.1177

     1

    0.1180

     1

    0.1182

     1

    0.1185

     1

    0.1187

     1

    0.1190

     1

    0.1192

     1

    0.1195

     1

    0.1197

     1

    0.1200

     1

    0.1202

     1

    0.1205

     1

    0.1207

     1

    0.1210

     1

    0.1212

     1

    0.1215

     1

    0.1217

     1

    0.1220

     1

    0.1222

     1

    0.1225

     1

    0.1227

     1

    0.1230

     1

    0.1232

     1

    0.1235

     1

    0.1237

     1

    0.1240

     1

    0.1242

     1

    0.1245

     1

    0.1247

     1

    0.1250

     1

    0.1252

     1

    0.1255

     1

    0.1257

     1

    0.1260

     1

    0.1262

     1

    0.1265

     1

    0.1267

     1

    0.1270

     1

    0.1272

     1

    0.1275

     1

    0.1277

     1

    0.1280

     1

    0.1282

     1

    0.1285

     1

    0.1287

     1

    0.1290

     1

    0.1292

     1

    0.1295

     1

    0.1297

     1

    0.1300

     1

    0.1303

     1

    0.1305

     1

    0.1308

     1

    0.1310

     1

    0.1313

     1

    0.1315

     1

    0.1318

     1

    0.1320

     1

    0.1323

     1

    0.1325

     1

    0.1328

     1

    0.1330

     1

    0.1333

     1

    0.1335

     1

    0.1338

     1

    0.1340

     1

    0.1343

     1

    0.1345

     1

    0.1348

     1

    0.1350

     1

    0.1353

     1

    0.1355

     1

    0.1358

     1

    0.1360

     1

    0.1363

     1

    0.1365

     1

    0.1368

     1

    0.1370

     1

    0.1373

     1

    0.1375

     1

    0.1378

     1

    0.1380

     1

    0.1383

     1

    0.1385

     1

    0.1388

     1

    0.1390

     1

    0.1393

     1

    0.1395

     1

    0.1398

     1

    0.1400

     1

    0.1403

     1

    0.1405

     1

    0.1408

     1

    0.1410

     1

    0.1413

     1

    0.1415

     1

    0.1418

     1

    0.1420

     1

    0.1423

     1

    0.1425

     1

    0.1428

     1

    0.1430

     1

    0.1433

     1

    0.1435

     1

    0.1438

     1

    0.1441

     1

    0.1443

     1

    0.1446

     1

    0.1448

     1

    0.1451

     1

    0.1453

     1

    0.1456

     1

    0.1458

     1

    0.1461

     1

    0.1463

     1

    0.1466

     1

    0.1468

     1

    0.1471

     1

    0.1473

     1

    0.1476

     1

    0.1478

     1

    0.1481

     1

    0.1483

     1

    0.1486

     1

    0.1488

     1

    0.1491

     1

    0.1493

     1

    0.1496

     1

    0.1498

     1

    0.1501

     1

    0.1503

     1

    0.1506

     1

    0.1508

     1

    0.1511

     1

    0.1513

     1

    0.1516

     1

    0.1518

     1

    0.1521

     1

    0.1523

     1

    0.1526

     1

    0.1528

     1

    0.1531

     1

    0.1533

     1

    0.1536

     1

    0.1538

     1

    0.1541

     1

    0.1543

     1

    0.1546

     1

    0.1548

     1

    0.1551

     1

    0.1553

     1

    0.1556

     1

    0.1558

     1

    0.1561

     1

    0.1563

     1

    0.1566

     1

    0.1568

     1

    0.1571

     1

    0.1573

     1

    0.1576

     1

    0.1578

     1

    0.1581

     1

    0.1584

     1

    0.1586

     1

    0.1589

     1

    0.1591

     1

    0.1594

     1

    0.1596

     1

    0.1599

     1

    0.1601

     1

    0.1604

     1

    0.1606

     1

    0.1609

     1

    0.1611

     1

    0.1614

     1

    0.1616

     1

    0.1619

     1

    0.1621

     1

    0.1624

     1

    0.1626

     1

    0.1629

     1

    0.1631

     1

    0.1634

     1

    0.1636

     1

    0.1639

     1

    0.1641

     1

    0.1644

     1

    0.1646

     1

    0.1649

     1

    0.1651

     1

    0.1654

     1

    0.1656

     1

    0.1659

     1

    0.1661

     1

    0.1664

     1

    0.1666

     1

    0.1669

     1

    0.1671

     1

    0.1674

     1

    0.1676

     1

    0.1679

     1

    0.1681

     1

    0.1684

     1

    0.1686

     1

    0.1689

     1

    0.1691

     1

    0.1694

     1

    0.1696

     1

    0.1699

     1

    0.1701

     1

    0.1704

     1

    0.1706

     1

    0.1709

     1

    0.1711

     1

    0.1714

     1

    0.1716

     1

    0.1719

     1

    0.1721

     1

    0.1724

     1

    0.1727

     1

    0.1729

     1

    0.1732

     1

    0.1734

     1

    0.1737

     1

    0.1739

     1

    0.1742

     1

    0.1744

     1

    0.1747

     1

    0.1749

     1

    0.1752

     1

    0.1754

     1

    0.1757

     1

    0.1759

     1

    0.1762

     1

    0.1764

     1

    0.1767

     1

    0.1769

     1

    0.1772

     1

    0.1774

     1

    0.1777

     1

    0.1779

     1

    0.1782

     1

    0.1784

     1

    0.1787

     1

    0.1789

     1

    0.1792

     1

    0.1794

     1

    0.1797

     1

    0.1799

     1

    0.1802

     1

    0.1804

     1

    0.1807

     1

    0.1809

     1

    0.1812

     1

    0.1814

     1

    0.1817

     1

    0.1819

     1

    0.1822

     1

    0.1824

     1

    0.1827

     1

    0.1829

     1

    0.1832

     1

    0.1834

     1

    0.1837

     1

    0.1839

     1

    0.1842

     1

    0.1844

     1

    0.1847

     1

    0.1849

     1

    0.1852

     1

    0.1854

     1

    0.1857

     1

    0.1859

     1

    0.1862

     1

    0.1865

     1

    0.1867

     1

    0.1870

     1

    0.1872

     1

    0.1875

     1

    0.1877

     1

    0.1880

     1

    0.1882

     1

    0.1885

     1

    0.1887

     1

    0.1890

     1

    0.1892

     1

    0.1895

     1

    0.1897

     1

    0.1900

     1

    0.1902

     1

    0.1905

     1

    0.1907

     1

    0.1910

     1

    0.1912

     1

    0.1915

     1

    0.1917

     1

    0.1920

     1

    0.1922

     1

    0.1925

     1

    0.1927

     1

    0.1930

     1

    0.1932

     1

    0.1935

     1

    0.1937

     1

    0.1940

     1

    0.1942

     1

    0.1945

     1

    0.1947

     1

    0.1950

     1

    0.1952

     1

    0.1955

     1

    0.1957

     1

    0.1960

     1

    0.1962

     1

    0.1965

     1

    0.1967

     1

    0.1970

     1

    0.1972

     1

    0.1975

     1

    0.1977

     1

    0.1980

     1

    0.1982

     1

    0.1985

     1

    0.1987

     1

    0.1990

     1

    0.1992

     1

    0.1995

     1

    0.1997

     1

    0.2000

     1

    0.2002

     1

    0.2005

     1

    0.2008

     1

    0.2010

     1

    0.2013

     1

    0.2015

     1

    0.2018

     1

    0.2020

     1

    0.2023

     1

    0.2025

     1

    0.2028

     1

    0.2030

     1

    0.2033

     1

    0.2035

     1

    0.2038

     1

    0.2040

     1

    0.2043

     1

    0.2045

     1

    0.2048

     1

    0.2050

     1

    0.2053

     1

    0.2055

     1

    0.2058

     1

    0.2060

     1

    0.2063

     1

    0.2065

     1

    0.2068

     1

    0.2070

     1

    0.2073

     1

    0.2075

     1

    0.2078

     1

    0.2080

     1

    0.2083

     1

    0.2085

     1

    0.2088

     1

    0.2090

     1

    0.2093

     1

    0.2095

     1

    0.2098

     1

    0.2100

     1

    0.2103

     1

    0.2105

     1

    0.2108

     1

    0.2110

     1

    0.2113

     1

    0.2115

     1

    0.2118

     1

    0.2120

     1

    0.2123

     1

    0.2125

     1

    0.2128

     1

    0.2130

     1

    0.2133

     1

    0.2135

     1

    0.2138

     1

    0.2140

     1

    0.2143

     1

    0.2146

     1

    0.2148

     1

    0.2151

     1

    0.2153

     1

    0.2156

     1

    0.2158

     1

    0.2161

     1

    0.2163

     1

    0.2166

     1

    0.2168

     1

    0.2171

     1

    0.2173

     1

    0.2176

     1

    0.2178

     1

    0.2181

     1

    0.2183

     1

    0.2186

     1

    0.2188

     1

    0.2191

     1

    0.2193

     1

    0.2196

     1

    0.2198

     1

    0.2201

     1

    0.2203

     1

    0.2206

     1

    0.2208

     1

    0.2211

     1

    0.2213

     1

    0.2216

     1

    0.2218

     1

    0.2221

     1

    0.2223

     1

    0.2226

     1

    0.2228

     1

    0.2231

     1

    0.2233

     1

    0.2236

     1

    0.2238

     1

    0.2241

     1

    0.2243

     1

    0.2246

     1

    0.2248

     1

    0.2251

     1

    0.2253

     1

    0.2256

     1

    0.2258

     1

    0.2261

     1

    0.2263

     1

    0.2266

     1

    0.2268

     1

    0.2271

     1

    0.2273

     1

    0.2276

     1

    0.2278

     1

    0.2281

     1

    0.2283

     1

    0.2286

     1

    0.2289

     1

    0.2291

     1

    0.2294

     1

    0.2296

     1

    0.2299

     1

    0.2301

     1

    0.2304

     1

    0.2306

     1

    0.2309

     1

    0.2314

     1

    0.2318

     1

    0.2322

     1

    0.2326

     1

    0.2330

     1

    0.2334

     1

    0.2338

     1

    0.2342

     1

    0.2346

     1

    0.2350

     1

    0.2354

     1

    0.2358

     1

    0.2362

     1

    0.2366

     1

    0.2370

     1

    0.2374

     1

    0.2378

     1

    0.2382

     1

    0.2386

     1

    0.2390

     1

    0.2394

     1

    0.2398

     1

    0.2402

     1

    0.2406

     1

    0.2410

     1

    0.2414

     1

    0.2418

     1

    0.2422

     1

    0.2426

     1

    0.2430

     1

    0.2434

     1

    0.2438

     1

    0.2442

     1

    0.2446

     1

    0.2450

     1

    0.2454

     1

    0.2458

     1

    0.2462

     1

    0.2466

     1

    0.2470

     1

    0.2474

     1

    0.2478

     1

    0.2482

     1

    0.2486

     1

    0.2490

     5

    0.2494

     1

    0.2497

     1

    0.2501

     1

    0.2505

     1

    0.2508

     1

    0.2512

     1

    0.2516

     1

    0.2519

     1

    0.2523

     1

    0.2527

     1

    0.2530

     1

    0.2534

     1

    0.2538

     1

    0.2542

     1

    0.2545

     1

    0.2549

     1

    0.2553

     1

    0.2556

     1

    0.2560

     1

    0.2564

     1

    0.2567

     1

    0.2571

     1

    0.2575

     1

    0.2579

     1

    0.2582

     1

    0.2586

     1

    0.2590

     1

    0.2593

     1

    0.2597

     1

    0.2601

     1

    0.2604

     1

    0.2608

     1

    0.2612

     1

    0.2615

     1

    0.2619

     1

    0.2623

     1

    0.2627

     1

    0.2630

     1

    0.2634

     1

    0.2638

     1

    0.2641

     1

    0.2645

     1

    0.2649

     1

    0.2652

     1

    0.2656

     1

    0.2660

     1

    0.2664

     1

    0.2667

     1

    0.2671

     1

    0.2675

     1

    0.2678

     1

    0.2682

     1

    0.2686

     1

    0.2689

     1

    0.2693

     1

    0.2697

     1

    0.2700

     1

    0.2704

     1

    0.2708

     1

    0.2712

     1

    0.2715

     1

    0.2719

     1

    0.2723

     1

    0.2726

     1

    0.2730

     1

    0.2734

     1

    0.2737

     1

    0.2741

     1

    0.2745

     1

    0.2749

     1

    0.2752

     1

    0.2756

     1

    0.2760

     1

    0.2763

     1

    0.2767

     1

    0.2771

     1

    0.2774

     1

    0.2778

     1

    0.2782

     1

    0.2785

     1

    0.2789

     1

    0.2793

     1

    0.2797

     1

    0.2800

     1

    0.2804

     1

    0.2808

     1

    0.2811

     1

    0.2815

     1

    0.2819

     1

    0.2822

     1

    0.2826

     1

    0.2830

     1

    0.2834

     1

    0.2837

     1

    0.2841

     1

    0.2845

     1

    0.2848

     1

    0.2852

     1

    0.2856

     1

    0.2859

     1

    0.2863

     1

    0.2867

     1

    0.2870

     1

    0.2874

     1

    0.2878

     1

    0.2882

     1

    0.2885

     1

    0.2889

     1

    0.2893

     1

    0.2896

     1

    0.2900

     5

    0.2904

     1

    0.2908

     1

    0.2911

     1

    0.2915

     1

    0.2919

     1

    0.2923

     1

    0.2926

     1

    0.2930

     1

    0.2934

     1

    0.2938

     1

    0.2942

     1

    0.2945

     1

    0.2949

     1

    0.2953

     1

    0.2957

     1

    0.2961

     1

    0.2964

     1

    0.2968

     1

    0.2972

     1

    0.2976

     1

    0.2979

     1

    0.2983

     1

    0.2987

     1

    0.2991

     1

    0.2995

     1

    0.2998

     1

    0.3002

     1

    0.3006

     1

    0.3010

     1

    0.3014

     1

    0.3017

     1

    0.3021

     1

    0.3025

     1

    0.3029

     1

    0.3032

     1

    0.3036

     1

    0.3040

     1

    0.3044

     1

    0.3048

     1

    0.3051

     1

    0.3055

     1

    0.3059

     1

    0.3063

     1

    0.3067

     1

    0.3070

     1

    0.3074

     1

    0.3078

     1

    0.3082

     1

    0.3085

     1

    0.3089

     1

    0.3093

     1

    0.3097

     1

    0.3101

     1

    0.3104

     1

    0.3108

     1

    0.3112

     1

    0.3116

     1

    0.3120

     1

    0.3123

     1

    0.3127

     1

    0.3131

     1

    0.3135

     1

    0.3138

     1

    0.3142

     1

    0.3146

     1

    0.3150

     1

    0.3154

     1

    0.3157

     1

    0.3161

     1

    0.3165

     1

    0.3169

     1

    0.3173

     1

    0.3176

     1

    0.3180

     1

    0.3184

     1

    0.3188

     1

    0.3191

     1

    0.3195

     1

    0.3199

     1

    0.3203

     1

    0.3207

     1

    0.3210

     1

    0.3214

     1

    0.3218

     1

    0.3222

     1

    0.3225

     1

    0.3229

     1

    0.3233

     1

    0.3237

     1

    0.3241

     1

    0.3244

     1

    0.3248

     1

    0.3252

     1

    0.3256

     1

    0.3260

     1

    0.3263

     1

    0.3267

     1

    0.3271

     1

    0.3275

     1

    0.3278

     1

    0.3282

     5

    0.3286

     5

    0.3290

     5

    0.3293

     5

    0.3297

     5

    0.3300

     5

    0.3304

     5

    0.3307

     5

    0.3311

     5

    0.3315

     5

    0.3318

     5

    0.3322

     1

    0.3325

     1

    0.3329

     1

    0.3333

     1

    0.3336

     1

    0.3340

     1

    0.3343

     5

    0.3347

     5

    0.3350

     5

    0.3353

     5

    0.3357

     5

    0.3360

     5

    0.3363

     5

    0.3367

     5

    0.3370

     5

    0.3374

     5

    0.3377

     5

    0.3380

     5

    0.3384

     5

    0.3387

     1

    0.3390

     1

    0.3394

     1

    0.3397

     1

    0.3400

     1

    0.3404

     5

    0.3407

     5

    0.3410

     5

    0.3413

     5

    0.3417

     5

    0.3420

     5

    0.3423

     5

    0.3426

     5

    0.3429

     5

    0.3432

     5

    0.3436

     5

    0.3439

     5

    0.3442

     1

    0.3445

     1

    0.3448

     1

    0.3451

     1

    0.3454

     1

    0.3458

     5

    0.3461

     5

    0.3464

     5

    0.3467

     5

    0.3470

     5

    0.3473

     5

    0.3476

     5

    0.3479

     5

    0.3482

     5

    0.3485

     5

    0.3488

     5

    0.3491

     5

    0.3494

     1

    0.3497

     1

    0.3500

     1

    0.3503

     1

    0.3506

     1

    0.3509

     5

    0.3511

     5

    0.3514

     5

    0.3517

     5

    0.3520

     5

    0.3523

     5

    0.3526

     5

    0.3528

     5

    0.3531

     5

    0.3534

     5

    0.3537

     5

    0.3540

     5

    0.3543

     1

    0.3545

     1

    0.3548

     1

    0.3551

     1

    0.3554

     1

    0.3557

     5

    0.3559

     5

    0.3562

     5

    0.3565

     5

    0.3568

     5

    0.3570

     5

    0.3573

     5

    0.3576

     5

    0.3578

     5

    0.3581

     5

    0.3584

     5

    0.3586

     5

    0.3589

     1

    0.3592

     1

    0.3594

     1

    0.3597

     1

    0.3600

     1

    0.3602

     5

    0.3605

     5

    0.3607

     5

    0.3610

     5

    0.3613

     5

    0.3615

     5

    0.3618

     5

    0.3620

     5

    0.3623

     5

    0.3625

     5

    0.3628

     5

    0.3630

     5

    0.3633

     1

    0.3635

     1

    0.3638

     1

    0.3640

     1

    0.3643

     1

    0.3646

     5

    0.3648

     5

    0.3650

     5

    0.3653

     5

    0.3655

     5

    0.3658

     5

    0.3660

     5

    0.3662

     5

    0.3665

     5

    0.3667

     5

    0.3670

     5

    0.3672

     5

    0.3675

     1

    0.3677

     1

    0.3679

     1

    0.3682

     1

    0.3684

     1

    0.3686

     5

    0.3689

     5

    0.3691

     5

    0.3693

     5

    0.3696

     5

    0.3698

     5

    0.3700

     5

    0.3703

     5

    0.3705

     5

    0.3707

     5

    0.3709

     5

    0.3712

     5

    0.3714

     5

    0.3716

     1

    0.3719

     1

    0.3721

     1

    0.3723

     1

    0.3725

     1

    0.3728

     5

    0.3730

     5

    0.3732

     5

    0.3734

     3

    0.3736

     3

    0.3738

     3

    0.3740

     3

    0.3741

     3

    0.3743

     3

    0.3744

     3

    0.3746

     1

    0.3748

     1

    0.3749

     1

    0.3751

     1

    0.3752

     1

    0.3754

     1

    0.3756

     1

    0.3757

     1

    0.3759

     1

    0.3760

     1

    0.3762

     1

    0.3763

     1

    0.3765

     1

    0.3767

     1

    0.3768

     1

    0.3770

     1

    0.3771

     1

    0.3773

     1

    0.3775

     1

    0.3776

     1

    0.3778

     1

    0.3779

     1

    0.3781

     1

    0.3783

     1

    0.3784

     1

    0.3786

     1

    0.3787

     1

    0.3789

     1

    0.3791

     1

    0.3792

     1

    0.3794

     1

    0.3795

     1

    0.3797

     1

    0.3799

     1

    0.3800

     1

    0.3802

     1

    0.3803

     1

    0.3805

     1

    0.3807

     1

    0.3808

     1

    0.3810

     1

    0.3811

     1

    0.3813

     1

    0.3814

     1

    0.3816

     1

    0.3818

     1

    0.3819

     1

    0.3821

     1

    0.3822

     1

    0.3824

     1

    0.3826

     1

    0.3827

     1

    0.3829

     1

    0.3830

     1

    0.3832

     1

    0.3834

     1

    0.3835

     1

    0.3837

     1

    0.3838

     1

    0.3840

     1

    0.3842

     1

    0.3843

     1

    0.3845

     1

    0.3846

     1

    0.3848

     1

    0.3850

     1

    0.3851

     1

    0.3853

     1

    0.3854

     1

    0.3856

     1

    0.3858

     1

    0.3859

     1

    0.3861

     1

    0.3862

     1

    0.3864

     5

    0.3865

     5

    0.3867

     5

    0.3869

     3

    0.3870

     3

    0.3871

     3

    0.3872

     3

    0.3873

     3

    0.3875

     3

    0.3876

     3

    0.3877

     3

    0.3878

     3

    0.3879

     3

    0.3880

     1

    0.3882

     1

    0.3883

     1

    0.3884

     1

    0.3885

     1

    0.3886

     1

    0.3887

     1

    0.3889

     1

    0.3890

     1

    0.3891

     1

    0.3892

     1

    0.3893

     1

    0.3894

     1

    0.3896

     1

    0.3897

     1

    0.3898

     1

    0.3899

     1

    0.3900

     1

    0.3901

     1

    0.3903

     1

    0.3904

     1

    0.3905

     1

    0.3906

     1

    0.3907

     1

    0.3908

     1

    0.3910

     1

    0.3911

     1

    0.3912

     1

    0.3913

     1

    0.3914

     1

    0.3915

     1

    0.3917

     1

    0.3918

     1

    0.3919

     1

    0.3920

     1

    0.3921

     1

    0.3922

     1

    0.3924

     1

    0.3925

     1

    0.3926

     1

    0.3927

     1

    0.3928

     1

    0.3929

     1

    0.3931

     1

    0.3932

     1

    0.3933

     1

    0.3934

     1

    0.3935

     1

    0.3936

     1

    0.3938

     1

    0.3939

     1

    0.3940

     1

    0.3941

     1

    0.3942

     1

    0.3943

     3

    0.3945

     5

    0.3945

     3

    0.3946

     3

    0.3947

     3

    0.3948

     3

    0.3948

     3

    0.3949

     3

    0.3950

     3

    0.3950

     3

    0.3951

     3

    0.3952

     3

    0.3952

     3

    0.3953

     3

    0.3954

     3

    0.3954

     3

    0.3955

     3

    0.3955

     3

    0.3956

     3

    0.3957

     3

    0.3957

     3

    0.3958

     3

    0.3959

     3

    0.3959

     3

    0.3960

     3

    0.3961

     3

    0.3961

     3

    0.3962

     3

    0.3962

     3

    0.3963

     3

    0.3964

     3

    0.3964

     3

    0.3965

     3

    0.3965

     3

    0.3966

     3

    0.3967

     3

    0.3967

     5

    0.3968

     5

    0.3968

     5

    0.3969

     5

    0.3969

     5

    0.3970

     5

    0.3971

     5

    0.3971

     5

    0.3972

     3

    0.3972

     3

    0.3973

     3

    0.3973

     3

    0.3973

     3

    0.3974

     3

    0.3974

     3

    0.3975

     3

    0.3975

     3

    0.3976

     3

    0.3976

     3

    0.3976

     3

    0.3977

     3

    0.3977

     3

    0.3978

     3

    0.3978

     3

    0.3978

     3

    0.3979

     3

    0.3979

     3

    0.3979

     3

    0.3980

     3

    0.3980

     3

    0.3981

     3

    0.3981

     3

    0.3981

     3

    0.3982

     3

    0.3982

     3

    0.3982

     5

    0.3983

     5

    0.3983

     5

    0.3983

     5

    0.3984

     5

    0.3984

     5

    0.3984

     5

    0.3985

     5

    0.3985

     5

    0.3986

     5

    0.3986

     5

    0.3986

     5

    0.3987

     5

    0.3987

     3

    0.3987

     3

    0.3987

     3

    0.3988

     3

    0.3988

     3

    0.3988

     3

    0.3988

     3

    0.3988

     3

    0.3989

     3

    0.3989

     3

    0.3989

     3

    0.3989

     3

    0.3989

     3

    0.3990

     3

    0.3990

     3

    0.3990

     3

    0.3990

     3

    0.3990

     5

    0.3991

     5

    0.3991

     5

    0.3991

     5

    0.3991

     5

    0.3991

     5

    0.3991

     5

    0.3992

     5

    0.3992

     5

    0.3992

     5

    0.3992

     5

    0.3992

     5

    0.3992

     5

    0.3993

     3

    0.3993

     5

    0.3993

     5

    0.3993

     5

    0.3993

     5

    0.3993

     5

    0.3993

     3

    0.3993

     3

    0.3993

     3

    0.3993

     3

    0.3993

     5

    0.3993

     5

    0.3993

     5

    0.3993

     3

    0.3993

     3

    0.3993

     3

    0.3993

     5

    0.3993

     5

    0.3993

     3

    0.3993

     6

    0.3993

     6

    0.3993

     6

    0.3993

     6

    0.3993

     6

    0.3993

     6

    0.3993

     6

    0.3993

     6

    0.3993

     6

    0.3993

     6

    0.3993

     6

    0.3993

     6

    0.3993

     6

    0.3993

     6

    0.3993

     6

    0.3993

     6

    0.3993

     6

    0.3993

     6

    0.3993

     6

    0.3993

     6

    0.3993

     6

    0.3993

     6

    0.3993

     6

    0.3993

     6

    0.3993

     6

    0.3993

     6

    0.3993

     6

    0.3993

     6

    0.3993

     6

    0.3993

     6

    0.3993

     6

    0.3993

     6

    0.3993

     6

    0.3993

     6

    0.3993

     6

    0.3993

     6

    0.3993

     6

    0.3993

     6

    0.3993

     6

    0.3993

     6

    0.3993

     6

    0.3993

     6

    0.3993

     6

    0.3993

     6

    0.3993

     6

    0.3993

     6

    0.3993

     6

    0.3993

     6

    0.3993

     6

    0.3993

     6

    0.3993

     6

    0.3993

     6

    0.3993

     6

    0.3993

     6

    0.3993

     6

    0.3993

     6

    0.3993

     6

    0.3993

     6

    0.3993

     6

    0.3993

     6

    0.3993

     6

    0.3993

     6

    0.3993

     6

    0.3993

     6

    0.3993

     6

    0.3993

     6

    0.3993

     6

    0.3993

     6

    0.3993

     6

    0.3993

     6

    0.3993

     6

    0.3993

     6

    0.3993

     6

    0.3993

     6

    0.3993

     6

    0.3993

     6

    0.3993

     6

    0.3993

     6

    0.3993

     6

    0.3993

     6

    0.3993

     6

    0.3993

     6

    0.3993

     6

    0.3993

     6

    0.3993

     6

    0.3993

     6

    0.3993

     6

    0.3993

     6

    0.3993

     6

    0.3993

     6

    0.3993

     6

    0.3993

     6

    0.3993

     6

    0.3993

     6

    0.3993

     6

    0.3993

     6

    0.3993

     6

    0.3993

     6

    0.3993

     6

    0.3993

     6

    0.3993

     6

    0.3993

     6

    0.3993

     6

    0.3993

     6

    0.3993

     6

    0.3993

     6

    0.3993

     6

    0.3993

     6

    0.3993

     6

    0.3993

     6

    0.3993

     6

    0.3993

     6

    0.3993

     6

    0.3993

     6

    0.3993

     6

    0.3993

     6

    0.3993

     6

    0.3993

     6

    0.3993

     6

    0.3993

     6

    0.3993

     6

    0.3993

     6

    0.3993

     6

    0.3993

     6

    0.3993

     6

    0.3993

     6

    0.3993

     6

    0.3993

     6

    0.3993

     6

    0.3993

     6

    0.3993

     6

    0.3993

     6

    0.3993

     6

    0.3993

     6

    0.3993

     6

    0.3993

     6

    0.3993

     6

    0.3993

     6

    0.3993

     6

    0.3993

     6

    0.3993

     6

    0.3993

     6

    0.3993

     6

    0.3993

     6

    0.3993

     6

    0.3993

     6

    0.3993

     6

    0.3993

     6

    0.3993

     6

    0.3993

     6

    0.3993

     6

    0.3993

     6

    0.3993

     6

    0.3993

     6

    0.3993

     6

    0.3993

     6

    0.3993

     6

    0.3993

     6

    0.3993

     6

    0.3993

     6

    0.3993

     6

    0.3993

     6

    0.3993

     6

    0.3993

     6

    0.3993

     6

    0.3993

     6

    0.3993

     6

    0.3993

     6

    0.3993

     6

    0.3993

     6

    0.3993

     6

    0.3993

     6

    0.3993

     6

    0.3993

     6

    0.3993

     6

    0.3993

     6

    0.3993

     6

    0.3993

     6

    0.3993

     6

    0.3993

     6

    0.3993

     6

    0.3993

     6

    0.3993

     6

    0.3993

     6

    0.3993

     6

    0.3993

     6

    0.3993

     6

    0.3993

     6

    0.3993

     6

    0.3993

     6

    0.3993

     6

    0.3993

     6

    0.3993

     6

    0.3993

     6

    0.3993

     6

    0.3993

     6

    0.3993

     6

    0.3993

     6

    0.3993

     6

    0.3993

     6

    0.3993

     6

    0.3993

     6

    0.3993

     6

    0.3993

     6

    0.3993

     6

    0.3993

     6

    0.3993

     6

    0.3993

     6

    0.3993

     6

    0.3993

     6

    0.3993

     6

    0.3993

     6

    0.3993

     6

    0.3993

     6

    0.3993

     6

    0.3993

     6

    0.3993

     6

    0.3993

     6

    0.3993

     6

    0.3993

     6

    0.3993

     6

    0.3993

     6

    0.3993

     6

    0.3993

     6

    0.3993

     6

    0.3993

     6

    0.3993

     6

    0.3993

     6

    0.3993

     6

    0.3993

     6

    0.3993

     6

    0.3993

     6

    0.3993

     6

    0.3993

     6

    0.3993

     6

    0.3993

     6

    0.3993

     6

    0.3993

     6

    0.3993

     6

    0.3993

     6

    0.3993

     6

    0.3993

     6

    0.3993

     6

    0.3993

     6

    0.3993

     6

    0.3993

     6

    0.3993

     6

    0.3993

     6

    0.3993

     6

    0.3993

     6

    0.3993

     6

    0.3993

     6

    0.3993

     6

    0.3993

{èàóùÇÕìríÜÇ≈èIóπÇµÇ‹ÇµÇΩ <a href="matlab:matlab.internal.language.introspective.errorDocCallback('HRmain', 'C:\Users\issei\Desktop\2018_Hoppingrover\HRmain.m', 49)" style="font-weight:bold">HRmain</a> (<a href="matlab: opentoline('C:\Users\issei\Desktop\2018_Hoppingrover\HRmain.m',49,0)">line 49</a>)
} 
HRmain
