     6

     0

     3

   2.2134e-06

     5

   1.4584e-05

     1

   3.2560e-05

     1

   5.0537e-05

     1

   6.8513e-05

     1

   8.6490e-05

     1

   1.0447e-04

     1

   1.2244e-04

     1

   1.4042e-04

     1

   1.5840e-04

     1

   1.7637e-04

     1

   1.9435e-04

     1

   2.1233e-04

     1

   2.3030e-04

     1

   2.4828e-04

     1

   2.6626e-04

     1

   2.8423e-04

     1

   3.0221e-04

     1

   3.2019e-04

     1

   3.3816e-04

     1

   3.5614e-04

     1

   3.7412e-04

     1

   3.9209e-04

     1

   4.1007e-04

     1

   4.2805e-04

     1

   4.4602e-04

     1

   4.6400e-04

     1

   4.8198e-04

     1

   4.9995e-04

     1

   5.1793e-04

     1

   5.3591e-04

     1

   5.5388e-04

     1

   5.7186e-04

     1

   5.8984e-04

     1

   6.0781e-04

     1

   6.2579e-04

     1

   6.4377e-04

     1

   6.6174e-04

     1

   6.7972e-04

     1

   6.9770e-04

     1

   7.1567e-04

     1

   7.3365e-04

     1

   7.5163e-04

     1

   7.6960e-04

     1

   7.8758e-04

     1

   8.0556e-04

     1

   8.2353e-04

     1

   8.4151e-04

     1

   8.5949e-04

     1

   8.7746e-04

     1

   8.9544e-04

     1

   9.1342e-04

     1

   9.3139e-04

     1

   9.4937e-04

     1

   9.6734e-04

     1

   9.8532e-04

     1

    0.0010

     1

    0.0010

     1

    0.0010

     1

    0.0011

     1

    0.0011

     1

    0.0011

     1

    0.0011

     1

    0.0011

     1

    0.0011

     1

    0.0012

     1

    0.0012

     1

    0.0012

     1

    0.0012

     1

    0.0012

     1

    0.0013

     1

    0.0013

     1

    0.0013

     1

    0.0013

     1

    0.0013

     1

    0.0013

     1

    0.0014

     1

    0.0014

     1

    0.0014

     1

    0.0014

     1

    0.0014

     1

    0.0015

     1

    0.0015

     1

    0.0015

     1

    0.0015

     1

    0.0015

     1

    0.0015

     1

    0.0016

     1

    0.0016

     1

    0.0016

     1

    0.0016

     1

    0.0016

     1

    0.0017

     1

    0.0017

     1

    0.0017

     1

    0.0017

     1

    0.0017

     1

    0.0017

     1

    0.0018

     1

    0.0018

     1

    0.0018

     1

    0.0018

     1

    0.0018

     1

    0.0018

     1

    0.0019

     1

    0.0019

     1

    0.0019

     1

    0.0019

     1

    0.0019

     1

    0.0020

     1

    0.0020

     1

    0.0020

     1

    0.0020

     1

    0.0020

     1

    0.0020

     1

    0.0021

     1

    0.0021

     1

    0.0021

     1

    0.0021

     1

    0.0021

     1

    0.0022

     1

    0.0022

     1

    0.0022

     1

    0.0022

     1

    0.0022

     1

    0.0022

     3

    0.0023

     1

    0.0022

     1

    0.0022

     1

    0.0022

     1

    0.0022

     1

    0.0022

     1

    0.0022

     1

    0.0022

     1

    0.0022

     1

    0.0021

     1

    0.0021

     1

    0.0021

     1

    0.0021

     1

    0.0021

     1

    0.0021

     1

    0.0021

     1

    0.0021

     1

    0.0020

     1

    0.0020

     1

    0.0020

     1

    0.0020

     1

    0.0020

     1

    0.0020

     1

    0.0020

     1

    0.0020

     1

    0.0019

     1

    0.0019

     1

    0.0019

     1

    0.0019

     1

    0.0019

     1

    0.0019

     1

    0.0019

     1

    0.0019

     1

    0.0018

     1

    0.0018

     1

    0.0018

     1

    0.0018

     1

    0.0018

     1

    0.0018

     1

    0.0018

     1

    0.0018

     1

    0.0017

     1

    0.0017

     1

    0.0017

     1

    0.0017

     1

    0.0017

     1

    0.0017

     1

    0.0017

     1

    0.0017

     1

    0.0016

     1

    0.0016

     1

    0.0016

     1

    0.0016

     1

    0.0016

     1

    0.0016

     1

    0.0016

     1

    0.0016

     1

    0.0016

     1

    0.0015

     1

    0.0015

     1

    0.0015

     1

    0.0015

     1

    0.0015

     1

    0.0015

{エラー: <a href="matlab:matlab.internal.language.introspective.errorDocCallback('pause')" style="font-weight:bold">pause</a>
処理を終了しました

エラー: <a href="matlab:matlab.internal.language.introspective.errorDocCallback('HRdisp', 'C:\Users\issei\Desktop\2018_Hoppingrover\HRdisp.m', 65)" style="font-weight:bold">HRdisp</a> (<a href="matlab: opentoline('C:\Users\issei\Desktop\2018_Hoppingrover\HRdisp.m',65,0)">line 65</a>)
pause(0.01);

エラー: <a href="matlab:matlab.internal.language.introspective.errorDocCallback('HRmain', 'C:\Users\issei\Desktop\2018_Hoppingrover\HRmain.m', 59)" style="font-weight:bold">HRmain</a> (<a href="matlab: opentoline('C:\Users\issei\Desktop\2018_Hoppingrover\HRmain.m',59,0)">line 59</a>)
	  			HRdisp(ts,xs,posT);
} 
HRmain
